-4.93006074951 3.41649710246 -7.70784734477 -4.93006074951 3.41649710246 -7.70784734477
0.232509928563 -0.922484043138 0.763037788365 0.232509928563 -0.922484043138 0.763037788365
0.440789992252 -1.78641484448 3.13849047724 0.440789992252 -1.78641484448 3.13849047724
-0.368996506203 -2.5972341737 -4.24976749255 -0.368996506203 -2.5972341737 -4.24976749255
1.17251335063 -0.475523551818 1.39646127287 1.17251335063 -0.475523551818 1.39646127287
2.2183969098 2.86241905734 0.67335965032 2.2183969098 2.86241905734 0.67335965032
-0.0619176362399 3.24214113126 -3.93598865311 -0.0619176362399 3.24214113126 -3.93598865311
-0.98371033413 -4.75501899925 -2.02099672877 -0.98371033413 -4.75501899925 -2.02099672877
-0.932423271415 -0.266629013833 1.93263235627 -0.932423271415 -0.266629013833 1.93263235627
-2.0009088593 5.27813708359 -2.24304903005 -2.0009088593 5.27813708359 -2.24304903005
0.240417469047 0.231112627335 5.59377437433 0.240417469047 0.231112627335 5.59377437433
-3.68934239851 -4.388889784 1.73806326361 -3.68934239851 -4.388889784 1.73806326361
0.0638133215872 3.53229020905 3.90007128082 0.0638133215872 3.53229020905 3.90007128082
4.10763934243 1.43706427627 1.33140025572 4.10763934243 1.43706427627 1.33140025572
-1.71776555133 -1.77785682812 0.934766749211 -1.71776555133 -1.77785682812 0.934766749211
1.31235569559 -3.38020973671 0.480281181562 1.31235569559 -3.38020973671 0.480281181562
-0.600395718413 2.42693516728 -0.593544829958 -0.600395718413 2.42693516728 -0.593544829958
-5.00281870072 0.479744851185 2.63681033082 -5.00281870072 0.479744851185 2.63681033082
-1.84318767185 2.71828850568 -2.7299963722 -1.84318767185 2.71828850568 -2.7299963722
-1.40178847141 4.19424865033 -1.82237288214 -1.40178847141 4.19424865033 -1.82237288214
-4.88881410281 -1.0867412814 -3.58456428892 -4.88881410281 -1.0867412814 -3.58456428892
0.72517354688 -4.1880012786 -2.04893901775 0.72517354688 -4.1880012786 -2.04893901775
5.51600846486 -1.45489022937 0.436858309964 5.51600846486 -1.45489022937 0.436858309964
-2.3626276851 -10.1637024251 -4.21229141167 -2.3626276851 -10.1637024251 -4.21229141167
-0.237258305943 0.281276240644 0.825377442077 -0.237258305943 0.281276240644 0.825377442077
0.81366223078 -1.69999164122 -2.57630548755 0.81366223078 -1.69999164122 -2.57630548755
-3.67756986498 -0.883973550223 2.87930545672 -3.67756986498 -0.883973550223 2.87930545672
1.36833438511 2.50257908394 -7.67017410654 1.36833438511 2.50257908394 -7.67017410654
-0.809242930997 -0.518281125265 1.63226686148 -0.809242930997 -0.518281125265 1.63226686148
-2.89957915565 4.52283493642 -0.890270225783 -2.89957915565 4.52283493642 -0.890270225783
1.19953817354 2.23728929405 1.33504947394 1.19953817354 2.23728929405 1.33504947394
-2.9074640185 -1.94834986339 -0.319755390052 -2.9074640185 -1.94834986339 -0.319755390052
-2.27108413898 -0.985807015095 -2.27391270691 -2.27108413898 -0.985807015095 -2.27391270691
1.62349679068 -0.298325501857 3.21652056161 1.62349679068 -0.298325501857 3.21652056161
0.942983824544 2.61334860079 2.84301898407 0.942983824544 2.61334860079 2.84301898407
3.45514383493 -0.78531058714 -2.54917594975 3.45514383493 -0.78531058714 -2.54917594975
4.30818948202 -1.4789746132 -1.54871729372 4.30818948202 -1.4789746132 -1.54871729372
-0.944796319825 -1.31184790853 0.219819393749 -0.944796319825 -1.31184790853 0.219819393749
-4.61306345961 0.392415693143 -0.192018376477 -4.61306345961 0.392415693143 -0.192018376477
2.15720703241 -0.151407942751 -0.463002546635 2.15720703241 -0.151407942751 -0.463002546635
-3.36434591499 8.15323484131 -1.90932387755 -3.36434591499 8.15323484131 -1.90932387755
4.28797958714 -5.76803768217 -0.346805105731 4.28797958714 -5.76803768217 -0.346805105731
-2.16479704895 -4.00099211912 1.59458353295 -2.16479704895 -4.00099211912 1.59458353295
2.63398193292 -2.19847096325 -2.51896536455 2.63398193292 -2.19847096325 -2.51896536455
-1.7706965321 0.815277161128 -0.20832095506 -1.7706965321 0.815277161128 -0.20832095506
-0.10245063277 -0.274223897369 2.86838529731 -0.10245063277 -0.274223897369 2.86838529731
-5.85906935657 0.964119133931 -2.69327468625 -5.85906935657 0.964119133931 -2.69327468625
-1.99391335932 -1.58126410118 1.56879275751 -1.99391335932 -1.58126410118 1.56879275751
-1.96933394986 -1.47529860034 4.47988663476 -1.96933394986 -1.47529860034 4.47988663476
-0.988351508012 -0.83045696387 -0.237731004219 -0.988351508012 -0.83045696387 -0.237731004219
0.647522385696 -2.22142318221 3.62912855966 0.647522385696 -2.22142318221 3.62912855966
2.959419033 -2.37406469264 -3.4198540851 2.959419033 -2.37406469264 -3.4198540851
3.07318376864 1.94232858362 -0.193132056329 3.07318376864 1.94232858362 -0.193132056329
-4.47276965354 -5.40530943497 0.767899308146 -4.47276965354 -5.40530943497 0.767899308146
0.746958539376 0.170361236019 2.04514644463 0.746958539376 0.170361236019 2.04514644463
-3.714632998 2.98358828893 -0.798639829531 -3.714632998 2.98358828893 -0.798639829531
0.503818312743 2.96918561532 1.57598772334 0.503818312743 2.96918561532 1.57598772334
1.73355387147 4.16024976232 3.40304540652 1.73355387147 4.16024976232 3.40304540652
2.3072127243 2.48410865914 1.94698714967 2.3072127243 2.48410865914 1.94698714967
-0.951037175796 1.24922683474 2.7153797194 -0.951037175796 1.24922683474 2.7153797194
-0.283359544024 -2.59055162525 0.798809445934 -0.283359544024 -2.59055162525 0.798809445934
0.688881953608 -2.24070355226 6.69195168553 0.688881953608 -2.24070355226 6.69195168553
-6.49438214666 0.887088121758 -1.31718724551 -6.49438214666 0.887088121758 -1.31718724551
-5.79155683139 -2.01281480866 3.56809357943 -5.79155683139 -2.01281480866 3.56809357943
