-5.05050505051 nan
-4.94949494949 nan
-4.84848484848 nan
-4.74747474747 nan
-4.64646464646 nan
-4.54545454545 nan
-4.44444444444 nan
-4.34343434343 nan
-4.24242424242 nan
-4.14141414141 nan
-4.0404040404 nan
-3.93939393939 nan
-3.83838383838 nan
-3.73737373737 nan
-3.63636363636 nan
-3.53535353535 nan
-3.43434343434 nan
-3.33333333333 nan
-3.23232323232 nan
-3.13131313131 nan
-3.0303030303 nan
-2.92929292929 nan
-2.82828282828 nan
-2.72727272727 nan
-2.62626262626 nan
-2.52525252525 nan
-2.42424242424 nan
-2.32323232323 nan
-2.22222222222 nan
-2.12121212121 nan
-2.0202020202 nan
-1.91919191919 nan
-1.81818181818 nan
-1.71717171717 nan
-1.61616161616 nan
-1.51515151515 nan
-1.41414141414 nan
-1.31313131313 nan
-1.21212121212 nan
-1.11111111111 nan
-1.0101010101 nan
-0.909090909091 nan
-0.808080808081 nan
-0.707070707071 nan
-0.606060606061 nan
-0.505050505051 nan
-0.40404040404 nan
-0.30303030303 nan
-0.20202020202 nan
-0.10101010101 nan
0.0 nan
0.10101010101 nan
0.20202020202 nan
0.30303030303 nan
0.40404040404 nan
0.505050505051 nan
0.606060606061 nan
0.707070707071 nan
0.808080808081 nan
0.909090909091 nan
1.0101010101 nan
1.11111111111 nan
1.21212121212 nan
1.31313131313 nan
1.41414141414 nan
1.51515151515 nan
1.61616161616 nan
1.71717171717 nan
1.81818181818 nan
1.91919191919 nan
2.0202020202 nan
2.12121212121 nan
2.22222222222 nan
2.32323232323 nan
2.42424242424 nan
2.52525252525 nan
2.62626262626 nan
2.72727272727 nan
2.82828282828 nan
2.92929292929 nan
3.0303030303 nan
3.13131313131 nan
3.23232323232 nan
3.33333333333 nan
3.43434343434 nan
3.53535353535 nan
3.63636363636 nan
3.73737373737 nan
3.83838383838 nan
3.93939393939 nan
4.0404040404 nan
4.14141414141 nan
4.24242424242 nan
4.34343434343 nan
4.44444444444 nan
4.54545454545 nan
4.64646464646 nan
4.74747474747 nan
4.84848484848 nan
4.94949494949 nan
5.05050505051 nan
