0.614334174293 -0.0920937613072 -0.424962498235 0.0699510917392 -0.187768618246 0.0329629643733
-1.55016844775 4.06282799683 -1.71129684887 -1.55016844775 4.06282799683 -1.71129684887
3.94679079259 -1.60117751317 -3.20631897896 3.94679079259 -1.60117751317 -3.20631897896
-1.93552276295 4.03847227299 2.14439757053 -1.93552276295 4.03847227299 2.14439757053
-6.92732781947 -0.208753053881 2.49344199303 -6.92732781947 -0.208753053881 2.49344199303
-2.00405368481 -1.23372189054 -4.69610827192 -2.00405368481 -1.23372189054 -4.69610827192
-0.196313323267 -1.44696390514 2.16293168548 -0.196313323267 -1.44696390514 2.16293168548
0.699325993647 -0.268640650889 -0.930924122417 0.835627274255 -0.177717811967 -1.06003237246
-3.05547659894 3.9706531984 0.325969531812 -3.05547659894 3.9706531984 0.325969531812
0.799020953522 -1.2291650711 -0.623264580585 0.570313902622 -0.729636231685 -0.651335580157
-0.74466098862 -0.720726795378 -0.217237387419 -0.33060563894 -1.34819149772 -0.2421377016
0.293698039474 0.880179691421 -2.42355491156 0.293698039474 0.880179691421 -2.42355491156
1.30955797521 3.49583697381 -0.66358437538 1.30955797521 3.49583697381 -0.66358437538
2.23575311984 1.13922182902 -3.73508077203 1.93430888885 1.06230377616 -3.5798549887
0.0337045792429 0.141037565913 0.725189094716 0.0337045792429 0.141037565913 0.725189094716
1.60975416189 0.190907435201 3.77549969449 1.60975416189 0.190907435201 3.77549969449
-0.66915419715 -1.53063127885 1.99387076377 -0.66915419715 -1.53063127885 1.99387076377
0.996111314592 -0.461307787318 0.0944746032886 0.996111314592 -0.461307787318 0.0944746032886
-3.04433844764 1.2537026167 -1.55888720439 -3.04433844764 1.2537026167 -1.55888720439
-0.241669694182 0.714866030224 0.517011107307 -0.827459033034 1.18872112234 0.231201798388
1.71452242333 -0.66127071321 0.311454818111 1.6834731821 -0.403569463516 1.03888136585
-0.378105533393 1.55959725026 -0.154459412905 -0.250600717972 1.6684453561 -0.0130193513511
-2.07101516565 -2.80610879654 -1.00147578456 -2.07101516565 -2.80610879654 -1.00147578456
2.13630073264 0.971129717171 0.743964294576 2.00896685579 0.908474856696 0.597461576524
0.659280087328 0.0670415969649 -0.241548678418 0.547046762429 0.809430558217 -0.256375416651
-0.183174755576 -1.53951881068 1.06401409383 -0.183174755576 -1.53951881068 1.06401409383
0.415055288556 -0.286770571668 -0.402435279608 0.659280087328 0.0670415969649 -0.241548678418
1.70088437068 4.64269006026 -2.73993211266 1.70088437068 4.64269006026 -2.73993211266
-1.72245048019 3.01003360032 3.06767789475 -1.72245048019 3.01003360032 3.06767789475
2.42000822235 1.29664144676 1.49470681267 2.42000822235 1.29664144676 1.49470681267
-1.10181866998 -1.76761013231 -0.822908864483 -1.10181866998 -1.76761013231 -0.822908864483
-2.44056188609 1.49581627219 2.95270507884 -2.44056188609 1.49581627219 2.95270507884
1.31896319264 2.1059278411 -1.82822748186 1.31896319264 2.1059278411 -1.82822748186
0.152215184415 -0.152125420523 0.0990769705471 -0.00115284906408 -0.263426570795 0.0498865301487
-0.990055877224 -1.14694604372 -0.291785085808 -1.02889359112 -0.932086818899 -0.15253101217
1.80926008062 -1.31384807804 -0.330839219707 1.67976540784 -1.81765680834 -0.501795880147
0.0722707907863 -0.603205917515 -1.16864562848 0.0722707907863 -0.603205917515 -1.16864562848
1.0316111443 0.813018360441 0.828772679135 1.17546304618 1.40041388772 0.642624730624
2.33447601828 1.19674054483 1.02777008547 2.33447601828 1.19674054483 1.02777008547
3.71947166847 0.520892033195 1.94114118024 3.71947166847 0.520892033195 1.94114118024
0.290296529923 1.30480612674 -0.00874690569788 0.284269872286 1.01578024569 0.660039990815
1.65889030648 0.936196543456 -1.03407843895 1.65889030648 0.936196543456 -1.03407843895
0.791101683601 -0.784073119463 3.88889563337 0.791101683601 -0.784073119463 3.88889563337
-0.0314202405453 1.14294022925 0.0808456044006 0.394706779849 0.908384068675 0.850985460813
0.637724991389 -2.93846365404 -0.906431345134 0.637724991389 -2.93846365404 -0.906431345134
-1.11392018204 2.69773383022 5.20586042868 -1.11392018204 2.69773383022 5.20586042868
0.899895445369 1.19319480078 -0.904413622368 1.21379899118 1.00081911137 -0.838886083488
1.08205602797 -3.40938754769 0.533895153962 1.08205602797 -3.40938754769 0.533895153962
3.33738316463 0.263350921991 3.52676466821 3.33738316463 0.263350921991 3.52676466821
-1.06391796626 1.66513510053 9.21731495565 -1.06391796626 1.66513510053 9.21731495565
-1.33194052205 3.17055091341 0.0767448842007 -1.02077588395 3.25916733831 0.0711213023057
0.601250080737 0.120216008802 -0.291599018076 0.619447444615 0.0086277678416 -0.803299887699
-0.0521028945836 -1.6377518576 0.1104894975 -0.20534310504 -1.51777138097 -0.121137448406
0.47457179712 -1.20474794761 -2.55550803081 0.47457179712 -1.20474794761 -2.55550803081
0.591492652295 1.29201618483 4.65986078388 0.591492652295 1.29201618483 4.65986078388
1.49994769174 -2.71413640189 -2.86293323878 1.49994769174 -2.71413640189 -2.86293323878
1.36668784352 4.51720966988 -0.730908037753 1.36668784352 4.51720966988 -0.730908037753
-2.04886476355 -4.86341081357 4.47341377781 -2.04886476355 -4.86341081357 4.47341377781
-0.404669451836 1.71093610037 2.15093739301 -0.404669451836 1.71093610037 2.15093739301
1.11562611886 -0.723817535845 2.709600815 1.11562611886 -0.723817535845 2.709600815
-1.79123674686 2.12650825706 2.82663788371 -1.79123674686 2.12650825706 2.82663788371
-4.55811974584 -0.892986666983 0.386931452059 -4.55811974584 -0.892986666983 0.386931452059
1.42367408374 -2.93768287905 1.09265251311 1.42367408374 -2.93768287905 1.09265251311
2.12166996034 0.708913427157 -1.71052039635 2.4063760432 1.01360372772 -1.60823243756
0.0699510917392 -0.187768618246 0.0329629643733 -0.138760713407 -0.467700834673 -0.546712454081
-0.048042010288 -1.68562592575 4.02569256411 -0.048042010288 -1.68562592575 4.02569256411
0.855280056491 0.202071352756 2.37726373973 0.928274044749 0.436836794261 1.81544675256
-0.928050246066 -0.13065940185 1.60167945693 -0.950632180098 -0.244845538308 1.57433829281
-2.83716747262 2.39590062648 -4.02271537776 -2.83716747262 2.39590062648 -4.02271537776
-0.54837322873 -1.19547494365 -0.824358100882 -0.54837322873 -1.19547494365 -0.824358100882
2.72108679318 0.533200506895 -0.0735267043898 2.72108679318 0.533200506895 -0.0735267043898
-5.73344886078 2.29692808176 2.07587978249 -5.73344886078 2.29692808176 2.07587978249
0.944944686479 -0.292731104109 1.58453090004 0.790286749666 -0.534693287141 1.18710020548
0.0954037959981 -1.00945957139 1.14639493323 0.0954037959981 -1.00945957139 1.14639493323
0.741822367614 0.635577345847 -0.872225518281 0.741822367614 0.635577345847 -0.872225518281
-0.518284883062 0.00329666131298 -1.11032500252 -0.567519875393 -0.0987849940305 -1.0716110391
-0.00115284906408 -0.263426570795 0.0498865301487 0.0456171743165 -0.114861817377 -0.24030960748
0.749194268585 0.398954544606 -1.00113745212 0.749194268585 0.398954544606 -1.00113745212
-0.589227669908 2.25779800795 6.43141127446 -0.589227669908 2.25779800795 6.43141127446
4.36123295989 0.852840837002 0.870098463399 4.36123295989 0.852840837002 0.870098463399
4.8520503662 -1.29856067263 2.9880279761 4.8520503662 -1.29856067263 2.9880279761
-0.737671716514 -0.588829384747 0.234709009289 -0.737671716514 -0.588829384747 0.234709009289
1.4041207577 1.45175257678 -3.37602079322 1.4041207577 1.45175257678 -3.37602079322
0.111116691322 -0.661740225812 0.500999956286 0.476807736577 -0.199944629592 0.534548781697
-2.48424021593 1.69886059192 -2.19572397821 -2.48424021593 1.69886059192 -2.19572397821
-0.656212932454 0.167214039709 0.62899206916 -0.383859224113 0.313382100602 0.968406357096
-4.10562047572 -0.0520440510104 -0.63151685452 -4.10562047572 -0.0520440510104 -0.63151685452
0.218783518575 -2.03828667755 1.7775878619 0.218783518575 -2.03828667755 1.7775878619
-3.82267239109 -0.426635187832 0.111558318663 -3.82267239109 -0.426635187832 0.111558318663
-1.50421930326 -0.997584556464 1.70109483007 -1.50421930326 -0.997584556464 1.70109483007
-0.522948673804 -1.00492131257 0.872892674642 -0.982154546266 -1.12103466161 1.11586223981
-0.679278950182 1.56803539802 -0.0439057482456 -0.0314202405453 1.14294022925 0.0808456044006
-1.50994532707 -1.46978766882 -1.23578910009 -1.50994532707 -1.46978766882 -1.23578910009
1.20795778967 0.669001674961 -0.388059553965 0.874023581945 0.887116033306 -0.898084890993
-1.80679443047 2.16901974221 -2.51649822852 -1.80679443047 2.16901974221 -2.51649822852
-3.26261306178 2.29239297093 2.25796903094 -3.26261306178 2.29239297093 2.25796903094
-1.24427062052 -5.70835922293 2.27432381453 -1.24427062052 -5.70835922293 2.27432381453
1.84435838516 1.06900233113 3.10149597427 1.84435838516 1.06900233113 3.10149597427
1.31551430995 0.314545331 -2.92195631705 1.31551430995 0.314545331 -2.92195631705
2.76664886679 1.34554378586 2.78020477936 2.76664886679 1.34554378586 2.78020477936
2.1563025934 2.20533938417 1.62989691293 2.1563025934 2.20533938417 1.62989691293
0.612545419182 -1.04782856679 0.131717208829 0.612545419182 -1.04782856679 0.131717208829
0.981192840106 -2.01465086517 -1.43272837203 0.981192840106 -2.01465086517 -1.43272837203
-2.33399780451 5.5161706315 -2.79839539138 -2.33399780451 5.5161706315 -2.79839539138
-1.41439999157 -0.214853988169 3.53556464916 -1.41439999157 -0.214853988169 3.53556464916
0.471713889566 1.28006874678 0.408485844436 0.471713889566 1.28006874678 0.408485844436
-0.138760713407 -0.467700834673 -0.546712454081 0.0987370135263 -0.729793148971 -0.858440913213
2.99362529978 4.12466276352 -0.747570639787 2.99362529978 4.12466276352 -0.747570639787
-0.174363807942 -2.13040930045 -3.87693064543 -0.174363807942 -2.13040930045 -3.87693064543
0.858962675352 1.00625299728 -1.04916603542 0.858962675352 1.00625299728 -1.04916603542
1.17671741089 1.54416306877 0.327959121641 0.899734121435 1.27402794472 -0.108092725473
-0.457532712091 0.465607148055 0.038847720171 -0.241669694182 0.714866030224 0.517011107307
0.885085180435 -3.73463035117 1.23293428024 0.865295720492 -4.25062634454 1.22393422027
-1.21358404809 0.593992744534 -0.147147517645 -0.42888358037 0.351483380683 -0.0348146241941
1.69304729521 2.26725490022 -1.82980545277 1.69304729521 2.26725490022 -1.82980545277
0.0943659837114 3.0016477721 1.49066602796 0.0943659837114 3.0016477721 1.49066602796
0.728929433172 0.688534055181 -0.772724328948 0.728929433172 0.688534055181 -0.772724328948
2.27903604573 -1.37107123699 0.392595305914 2.12946067756 -1.47264324884 0.228304788648
-0.473782000515 -0.541595046253 -4.31208399175 -0.473782000515 -0.541595046253 -4.31208399175
-0.0947588706617 2.21423294145 -2.17704816386 -0.0947588706617 2.21423294145 -2.17704816386
-1.67145683058 -0.940297728097 -1.6751971029 -1.67145683058 -0.940297728097 -1.6751971029
1.36547182382 1.24172444276 1.10955448059 1.19215823731 1.20062779175 0.56822886653
0.409411192849 -0.659545864023 -0.833570268386 0.799020953522 -1.2291650711 -0.623264580585
1.30325774255 -0.0268850968208 1.7640899882 1.30325774255 -0.0268850968208 1.7640899882
0.163894513607 -0.0120421152717 0.664752183696 -0.457532712091 0.465607148055 0.038847720171
0.964766688851 -0.296215159734 -0.28481153055 1.57811527341 -0.652059783054 -0.186423102521
0.687387807008 1.24908831169 -1.44432682602 0.435385462526 1.30955999474 -1.01213522875
-0.396130230832 0.493408787392 0.57164236566 0.0590314919852 -0.159287917739 0.25593726893
1.39113837356 -0.804405514934 2.21909860609 1.31362113778 -1.05401507396 2.71691278491
1.59716319237 -0.268705169609 1.58379115554 1.89112951731 -0.261737047783 1.33102640544
2.24438588241 1.2228034047 0.145317587365 2.24438588241 1.2228034047 0.145317587365
-0.580001600568 3.06199526211 1.42518449375 -0.580001600568 3.06199526211 1.42518449375
0.575861967363 -1.7830990564 -4.75884652888 0.575861967363 -1.7830990564 -4.75884652888
-1.95098489461 -0.296238722384 -3.05010359205 -1.95098489461 -0.296238722384 -3.05010359205
2.99566268678 -0.857484747973 -0.185757430225 2.99566268678 -0.857484747973 -0.185757430225
-0.983211146661 0.174126960899 -0.831129105004 -0.983211146661 0.174126960899 -0.831129105004
-1.19532151285 1.23504404775 -1.87752887617 -1.19532151285 1.23504404775 -1.87752887617
0.965047919943 -0.144462935842 2.20273031127 0.965047919943 -0.144462935842 2.20273031127
1.21379899118 1.00081911137 -0.838886083488 1.13699179551 0.957400989721 -0.689781263436
0.321918941803 0.376283761136 -0.169752788372 0.152215184415 -0.152125420523 0.0990769705471
0.927919984684 2.07900023813 0.0754386536998 0.710158819415 1.9979079284 -0.916086562821
5.07898318249 -0.70272034108 3.82723693518 5.07898318249 -0.70272034108 3.82723693518
-5.01719973579 0.510411853268 4.30668875352 -5.01719973579 0.510411853268 4.30668875352
-2.79020289893 0.677843403059 2.58111987369 -2.79020289893 0.677843403059 2.58111987369
-0.0259360604298 -0.184817833676 -1.79018564984 -0.0259360604298 -0.184817833676 -1.79018564984
-1.50370906199 -1.43078792664 -0.645246150839 -1.50370906199 -1.43078792664 -0.645246150839
0.874023581945 0.887116033306 -0.898084890993 0.687387807008 1.24908831169 -1.44432682602
-0.874607319355 -2.19707704898 -0.400350043051 -0.874607319355 -2.19707704898 -0.400350043051
-0.489637010742 4.86171294195 -0.438712849442 -0.489637010742 4.86171294195 -0.438712849442
0.181622388696 0.486058977973 0.147816891336 0.110682935452 0.549018938209 -0.176339442063
-0.765672573239 3.78012223435 -0.520979378505 -0.765672573239 3.78012223435 -0.520979378505
-3.03766420611 -2.14577787767 4.34709251454 -3.03766420611 -2.14577787767 4.34709251454
1.4704610465 -4.03017957004 -0.677854289063 1.4704610465 -4.03017957004 -0.677854289063
0.898392383978 0.0764314438319 -0.0831210539877 0.444007462281 -0.11383863755 0.50031917682
0.298097778405 -1.73730037648 0.370298024475 -0.0521028945836 -1.6377518576 0.1104894975
-0.764043617498 0.896564109639 -1.89130427334 -0.859446531463 0.89653602053 -1.84099401727
0.0258084836929 -4.23827996329 -0.358502808049 0.0258084836929 -4.23827996329 -0.358502808049
-1.19501695042 -1.86350874869 -1.10296798415 -1.19501695042 -1.86350874869 -1.10296798415
-0.414964486954 1.22111274211 -0.502150637478 -0.465633222594 1.29790669945 -0.643881010812
1.9267252293 -1.49180860296 0.197832474572 1.99791960105 -1.58240095098 0.542876215285
0.0461699572573 1.40677224213 -4.8893225524 0.0461699572573 1.40677224213 -4.8893225524
2.78349723018 2.04952769963 -2.88588674161 2.78349723018 2.04952769963 -2.88588674161
1.90422342926 3.66680431732 -2.23952802532 1.90422342926 3.66680431732 -2.23952802532
-1.44716572398 -5.06292849536 -1.21372553361 -1.44716572398 -5.06292849536 -1.21372553361
-2.17912974898 0.280267072422 2.97895842785 -2.17912974898 0.280267072422 2.97895842785
-0.465633222594 1.29790669945 -0.643881010812 -0.414964486954 1.22111274211 -0.502150637478
-4.51044421407 -2.325823629 1.78352842364 -4.51044421407 -2.325823629 1.78352842364
0.846966139685 -0.634420120571 -0.08689334846 0.514379208778 -0.420419400207 -0.0828995222259
2.03671687217 1.07752439228 -3.62035717551 2.23575311984 1.13922182902 -3.73508077203
0.928274044749 0.436836794261 1.81544675256 0.599221120335 0.0749435070172 2.35894818601
-0.315862064529 -3.56532126116 0.523472672232 -0.315862064529 -3.56532126116 0.523472672232
2.9343964134 -2.01133291301 -1.00505193853 2.9343964134 -2.01133291301 -1.00505193853
3.3645907841 -2.92770677752 1.11434608053 3.3645907841 -2.92770677752 1.11434608053
-2.15151622362 0.198079709886 0.0287592948435 -1.94869096815 0.181712776755 -0.553888562841
2.86975638185 -1.23271112388 -4.27548040515 2.86975638185 -1.23271112388 -4.27548040515
2.46677918504 -0.117068974356 -5.51054447307 2.46677918504 -0.117068974356 -5.51054447307
2.27421957952 -0.509469413302 4.80395350392 2.27421957952 -0.509469413302 4.80395350392
2.38431118921 -0.923505580126 0.162925157381 2.7626889582 -1.6037046126 -0.0259575762677
6.10164661282 -2.06262579667 -1.75988227189 6.10164661282 -2.06262579667 -1.75988227189
-0.961543370319 -0.998417821595 -1.69872793559 -0.961543370319 -0.998417821595 -1.69872793559
-0.867068912311 2.0994677417 0.744628499473 -0.867068912311 2.0994677417 0.744628499473
1.38693431382 1.02129678539 -1.0384561352 0.915717472508 1.07865372582 -1.00330336027
-0.859446531463 0.89653602053 -1.84099401727 -0.764043617498 0.896564109639 -1.89130427334
-2.48474273666 -0.229018247054 -1.07684040949 -2.48474273666 -0.229018247054 -1.07684040949
3.72815548187 0.308023796646 2.08780851001 3.72815548187 0.308023796646 2.08780851001
-0.42888358037 0.351483380683 -0.0348146241941 0.163894513607 -0.0120421152717 0.664752183696
4.52269659023 0.0514969683388 -1.92332878856 4.52269659023 0.0514969683388 -1.92332878856
0.813108315128 -3.86795589445 1.64870480377 0.885085180435 -3.73463035117 1.23293428024
-2.76813729188 0.936608150306 -3.93428923029 -2.76813729188 0.936608150306 -3.93428923029
2.31534409364 -0.598169931219 -1.87790819972 2.31534409364 -0.598169931219 -1.87790819972
-2.86464208489 2.79538581556 -5.82801478467 -2.86464208489 2.79538581556 -5.82801478467
0.394706779849 0.908384068675 0.850985460813 0.742965538339 0.756290529853 0.436524084347
-0.170111926208 0.0926829742716 0.188614608089 -0.656212932454 0.167214039709 0.62899206916
0.44361815419 1.01197252949 -0.578806605751 0.475138488514 0.363775487674 -0.000307784568812
-0.198694200032 1.1271035395 0.176074288917 -0.0610446070572 1.29807657665 0.0609815939781
-0.0163117037513 4.66672190751 -0.280419283052 -0.0163117037513 4.66672190751 -0.280419283052
-4.39490907969 2.38708498408 -1.4908202011 -4.39490907969 2.38708498408 -1.4908202011
1.31362113778 -1.05401507396 2.71691278491 1.39113837356 -0.804405514934 2.21909860609
0.0598230623775 0.538466143129 2.03236476145 0.0598230623775 0.538466143129 2.03236476145
-0.0134546426688 1.17604804803 0.485098020517 -0.242923478557 1.67241908445 0.422567765284
2.00896685579 0.908474856696 0.597461576524 2.13630073264 0.971129717171 0.743964294576
0.294283080472 1.14344185577 0.59224694912 0.53131635866 1.4830320974 0.739603754526
0.221515207962 -3.07968263098 -1.34786515791 0.221515207962 -3.07968263098 -1.34786515791
-0.423321475572 2.72062681632 0.019265240487 -0.423321475572 2.72062681632 0.019265240487
-0.0610446070572 1.29807657665 0.0609815939781 -0.198694200032 1.1271035395 0.176074288917
0.0186786255775 -0.380254285201 0.977915457212 0.369035828883 0.025079367966 0.591727227686
1.62293353248 5.59386345362 -2.64349178731 1.62293353248 5.59386345362 -2.64349178731
-4.16273328626 -3.3559847445 -3.34704240807 -4.16273328626 -3.3559847445 -3.34704240807
0.796110187936 -0.890303305743 2.03933619291 0.796110187936 -0.890303305743 2.03933619291
1.45693661507 2.37738150511 3.20370036697 1.45693661507 2.37738150511 3.20370036697
-0.373423002519 0.317111831654 0.536685550008 0.109847656136 0.360093737649 0.651100330599
0.475138488514 0.363775487674 -0.000307784568812 -0.170111926208 0.0926829742716 0.188614608089
0.847229126713 -1.81182831546 4.49482546313 0.847229126713 -1.81182831546 4.49482546313
0.282638203267 1.39304292528 2.02113693298 0.282638203267 1.39304292528 2.02113693298
-3.15624353402 3.34107523734 -2.01411757678 -3.15624353402 3.34107523734 -2.01411757678
0.278908970352 2.5462168392 -1.64241408159 0.312751137866 2.42807302579 -1.34745450704
-0.383055818192 0.493701750506 -0.459498372749 -0.72043538171 -0.00502361432601 -0.218043112754
-4.67189212741 -0.136390223853 -1.22215405764 -4.67189212741 -0.136390223853 -1.22215405764
3.94006725877 1.11042295168 -0.721698242544 3.94006725877 1.11042295168 -0.721698242544
-0.0211068290494 -0.0994220123674 0.0218962242167 0.181622388696 0.486058977973 0.147816891336
1.05289824378 0.267143118423 -1.40406334759 1.30111519941 0.437616542315 -1.57586847922
0.0987370135263 -0.729793148971 -0.858440913213 -0.328485757258 -0.0937431433874 -0.957978815372
1.01581660862 1.65576419376 -0.911240436052 0.44361815419 1.01197252949 -0.578806605751
0.430644349285 -3.805708566 -5.57392671275 0.430644349285 -3.805708566 -5.57392671275
-2.67891363497 0.99097183472 -0.511295243679 -2.67891363497 0.99097183472 -0.511295243679
2.93822916721 -1.31072534411 -1.59656893551 2.39610326237 -1.466740401 -1.72558754696
-0.128154165457 -6.17367647592 1.49519816925 -0.128154165457 -6.17367647592 1.49519816925
-0.0453609757431 -3.9454692283 -3.49088619038 -0.0453609757431 -3.9454692283 -3.49088619038
3.6497467633 3.13203780656 -3.65991847094 3.6497467633 3.13203780656 -3.65991847094
2.23461239979 4.68572404786 -1.70412748654 2.23461239979 4.68572404786 -1.70412748654
2.49225945263 2.29200635964 -5.79526651883 2.49225945263 2.29200635964 -5.79526651883
3.19321980727 -2.14687287518 0.560486126274 3.19321980727 -2.14687287518 0.560486126274
0.601211717679 -0.64856644551 -0.886229425251 0.409411192849 -0.659545864023 -0.833570268386
-0.761409029392 -1.54230100111 -1.31536416989 -0.761409029392 -1.54230100111 -1.31536416989
1.25518743692 1.19106888346 0.237158806884 1.4754189922 0.400078543749 0.270943193465
1.4754189922 0.400078543749 0.270943193465 1.31678438157 0.992031468385 0.264830086671
2.95819550085 1.92282558304 2.68559515524 2.95819550085 1.92282558304 2.68559515524
-1.79063027142 -0.696981710987 -2.0045901129 -1.30379400979 -0.995438899387 -2.13824286405
-2.3281020005 1.48451093776 -1.0979677701 -2.37648331277 1.49904700224 -1.36675661512
0.962876018294 -0.293857191635 1.21805903596 0.332688541923 -0.757678630753 1.01047795713
-0.645326384674 -2.22545904604 -0.742503214804 -0.645326384674 -2.22545904604 -0.742503214804
0.90865621524 0.781789646689 1.05095560052 1.36547182382 1.24172444276 1.10955448059
-1.16709614977 0.15172943808 -0.799548360038 -1.21358404809 0.593992744534 -0.147147517645
0.284269872286 1.01578024569 0.660039990815 0.90865621524 0.781789646689 1.05095560052
1.72828622288 0.190572831904 -1.59919466871 1.7195754372 0.371434774287 -1.68985682244
1.7195754372 0.371434774287 -1.68985682244 1.72828622288 0.190572831904 -1.59919466871
-0.405700747179 -3.68356469558 -4.44502254957 -0.405700747179 -3.68356469558 -4.44502254957
-0.72043538171 -0.00502361432601 -0.218043112754 -1.02155719286 0.152759838072 -0.664001247724
0.835627274255 -0.177717811967 -1.06003237246 0.798007087244 0.0390577516556 -0.7713399113
1.16328092076 5.9771737192 -0.233928043273 1.16328092076 5.9771737192 -0.233928043273
3.09099454709 5.30915772911 -0.607314918011 3.09099454709 5.30915772911 -0.607314918011
3.1121885945 -0.203640369248 -1.35286884595 3.1121885945 -0.203640369248 -1.35286884595
1.35791593983 -2.85909250626 0.60918049493 1.35791593983 -2.85909250626 0.60918049493
-1.2551971938 2.32749799526 2.81717167458 -1.2551971938 2.32749799526 2.81717167458
-0.33060563894 -1.34819149772 -0.2421377016 0.298097778405 -1.73730037648 0.370298024475
0.0740489040969 0.498812469862 1.1039823649 0.0740489040969 0.498812469862 1.1039823649
-0.658903089334 -0.197828215809 4.20289595903 -0.658903089334 -0.197828215809 4.20289595903
1.91053420603 -0.860346880014 -3.43987462236 1.91053420603 -0.860346880014 -3.43987462236
0.109847656136 0.360093737649 0.651100330599 0.0186786255775 -0.380254285201 0.977915457212
-3.11220208659 -1.53663412856 3.36527425143 -3.11220208659 -1.53663412856 3.36527425143
2.28924159392 -2.18367332544 -0.443908447506 2.28924159392 -2.18367332544 -0.443908447506
0.791275741515 1.02517315856 -1.26469417333 0.791275741515 1.02517315856 -1.26469417333
-3.90726528117 -3.24573952116 -3.73214542771 -3.90726528117 -3.24573952116 -3.73214542771
1.30111519941 0.437616542315 -1.57586847922 1.19127457534 0.533379106724 -1.42227075162
-2.97461036471 -1.66133714598 0.241911101402 -2.97461036471 -1.66133714598 0.241911101402
1.93430888885 1.06230377616 -3.5798549887 2.03671687217 1.07752439228 -3.62035717551
0.578680814051 -0.530114536114 -1.25732825923 0.578680814051 -0.530114536114 -1.25732825923
1.12820553556 0.300523240663 -1.31098253335 1.05289824378 0.267143118423 -1.40406334759
1.33567908314 -1.94269733995 -0.297264145928 1.33567908314 -1.94269733995 -0.297264145928
-1.02889359112 -0.932086818899 -0.15253101217 -0.649006075467 -1.18516666268 0.305768483871
-1.30379400979 -0.995438899387 -2.13824286405 -1.83201633019 -0.78457980822 -2.25402859804
-0.746347023684 1.59883311073 1.56305043932 -0.746347023684 1.59883311073 1.56305043932
1.48356742342 1.37846193908 0.627526959027 1.48356742342 1.37846193908 0.627526959027
0.991571653507 0.543898364704 1.2217143307 0.991571653507 0.543898364704 1.2217143307
-3.44235005629 -2.9946596477 2.57668545953 -3.44235005629 -2.9946596477 2.57668545953
0.191354617406 1.03759385103 0.597369447293 0.0825026745419 0.894550910899 0.676454752809
-0.668094579293 -0.445210383434 -0.317157539659 -0.701856388153 -0.517933069346 -0.27396654751
2.15557999323 -2.69948660096 1.89354677523 2.15557999323 -2.69948660096 1.89354677523
2.17932917704 0.0277945326791 -0.209757737245 2.17932917704 0.0277945326791 -0.209757737245
4.46731068708 -0.658011872686 2.79552184383 4.46731068708 -0.658011872686 2.79552184383
1.04266066056 0.496745592086 0.424779846511 1.0316111443 0.813018360441 0.828772679135
-1.12387481484 1.15422123132 0.579499424074 -1.12387481484 1.15422123132 0.579499424074
-0.250600717972 1.6684453561 -0.0130193513511 -0.679278950182 1.56803539802 -0.0439057482456
-3.76541648712 -0.688185837041 -3.57930739995 -3.76541648712 -0.688185837041 -3.57930739995
-3.15627424273 -1.32858222483 -0.989967635011 -3.15627424273 -1.32858222483 -0.989967635011
0.4760262914 1.76353093388 1.33625730446 0.4760262914 1.76353093388 1.33625730446
0.776554129967 -0.521997528451 0.164929816023 -0.0211068290494 -0.0994220123674 0.0218962242167
-1.14770440782 -2.51895333679 1.27459519522 -1.26804085193 -2.5958154939 0.828509789964
-0.806261610762 0.997210554035 -0.00448269971518 -0.806261610762 0.997210554035 -0.00448269971518
-0.697701184569 -0.458558377445 0.108735076317 -0.668094579293 -0.445210383434 -0.317157539659
-2.26730293528 0.602645062934 4.44128302215 -2.26730293528 0.602645062934 4.44128302215
1.8931921024 -1.40447344435 0.00238351507626 1.8931921024 -1.40447344435 0.00238351507626
-3.05606323448 -3.28831753068 -5.59781118353 -3.05606323448 -3.28831753068 -5.59781118353
-1.72851662939 5.44381058953 0.16188402457 -1.72851662939 5.44381058953 0.16188402457
1.29190030688 3.72135494197 -1.76619000625 1.29190030688 3.72135494197 -1.76619000625
2.41491917854 -0.521277997782 -0.471901096126 2.41491917854 -0.521277997782 -0.471901096126
1.57811527341 -0.652059783054 -0.186423102521 1.71452242333 -0.66127071321 0.311454818111
-0.88285882646 -8.03542645802 0.421779245037 -0.88285882646 -8.03542645802 0.421779245037
1.26345233056 -2.66053024077 4.52000819259 1.26345233056 -2.66053024077 4.52000819259
0.915717472508 1.07865372582 -1.00330336027 1.24567104361 1.00244051875 -1.0250697454
-0.605799384428 -2.21380950583 -3.31778706298 -0.605799384428 -2.21380950583 -3.31778706298
0.647707562716 -0.111942247925 -1.39909499579 0.647707562716 -0.111942247925 -1.39909499579
-1.70578714972 -1.02479467924 -3.85611560778 -1.70578714972 -1.02479467924 -3.85611560778
-0.410030944378 -0.496293797067 0.271112698606 -0.697701184569 -0.458558377445 0.108735076317
1.09386077401 3.63417391241 -4.55936308843 1.09386077401 3.63417391241 -4.55936308843
-0.649006075467 -1.18516666268 0.305768483871 -0.410030944378 -0.496293797067 0.271112698606
0.460545964705 -0.803408505109 -0.186690393186 0.35382756755 -0.110384066256 -0.522156518717
-1.02155719286 0.152759838072 -0.664001247724 -1.16709614977 0.15172943808 -0.799548360038
0.022359911102 -0.191272790976 -1.32591954122 -0.507620772818 -0.134261149685 -1.13334935583
-0.982154546266 -1.12103466161 1.11586223981 -0.522948673804 -1.00492131257 0.872892674642
2.39610326237 -1.466740401 -1.72558754696 2.93822916721 -1.31072534411 -1.59656893551
-3.1760639131 6.26200865364 -1.65104421502 -3.1760639131 6.26200865364 -1.65104421502
-1.04756206535 -0.140673456581 -0.107687924542 -1.04756206535 -0.140673456581 -0.107687924542
1.05997830117 -2.3622079972 -1.89010422162 1.05997830117 -2.3622079972 -1.89010422162
4.17110476205 3.59247094735 1.80713264094 4.17110476205 3.59247094735 1.80713264094
0.742965538339 0.756290529853 0.436524084347 0.294283080472 1.14344185577 0.59224694912
-3.90206195673 -3.20032982697 2.03326003386 -3.90206195673 -3.20032982697 2.03326003386
-1.78134782368 -8.40376957934 0.329471054461 -1.78134782368 -8.40376957934 0.329471054461
2.12946067756 -1.47264324884 0.228304788648 2.51894178948 -0.430337094208 0.787691329882
2.68044404587 0.570551427998 -2.67297797602 2.4181919153 0.591434007388 -2.33575737719
1.0926793798 -3.94594135679 -1.12499646111 1.0926793798 -3.94594135679 -1.12499646111
-2.67720006404 1.8284166273 -4.64502867183 -2.67720006404 1.8284166273 -4.64502867183
1.36404436436 -3.81921106952 -0.672013004782 1.36404436436 -3.81921106952 -0.672013004782
-1.4602153968 2.7191696263 0.93583518897 -1.97333241893 2.97111891376 0.604728158367
2.71418088503 -0.00155762413571 1.88607303558 2.71418088503 -0.00155762413571 1.88607303558
0.721345533754 -5.22174595649 -1.58598330023 0.721345533754 -5.22174595649 -1.58598330023
-0.378283309604 -1.22598128484 -1.58101460077 -0.378283309604 -1.22598128484 -1.58101460077
-0.507620772818 -0.134261149685 -1.13334935583 -0.518284883062 0.00329666131298 -1.11032500252
-0.328485757258 -0.0937431433874 -0.957978815372 0.022359911102 -0.191272790976 -1.32591954122
-4.28169481747 -2.22419886376 -0.72967927462 -4.28169481747 -2.22419886376 -0.72967927462
2.54838020238 1.50014525117 -3.07709362035 2.54838020238 1.50014525117 -3.07709362035
0.812745575819 0.0341155518289 0.932817581546 0.944944686479 -0.292731104109 1.58453090004
0.765093453218 -0.505229234331 -0.991515877422 0.765093453218 -0.505229234331 -0.991515877422
0.0401906804202 -4.78029624124 -0.321212990407 0.0401906804202 -4.78029624124 -0.321212990407
-3.03684661871 -1.31026264849 -0.0624631781011 -3.03684661871 -1.31026264849 -0.0624631781011
0.0825026745419 0.894550910899 0.676454752809 -0.0134546426688 1.17604804803 0.485098020517
1.0932566022 -1.77609480493 -0.921233000986 1.0932566022 -1.77609480493 -0.921233000986
0.731897541798 -0.103545977425 0.689868415546 0.731897541798 -0.103545977425 0.689868415546
0.865295720492 -4.25062634454 1.22393422027 0.813108315128 -3.86795589445 1.64870480377
1.73758387695 1.27473699169 0.590713654353 1.73758387695 1.27473699169 0.590713654353
0.53131635866 1.4830320974 0.739603754526 0.191354617406 1.03759385103 0.597369447293
0.514379208778 -0.420419400207 -0.0828995222259 0.776554129967 -0.521997528451 0.164929816023
-2.30494283838 -3.49473392064 -0.855771070999 -2.30494283838 -3.49473392064 -0.855771070999
-3.36573409899 -2.4939722232 -1.82442972876 -3.36573409899 -2.4939722232 -1.82442972876
1.31678438157 0.992031468385 0.264830086671 1.25518743692 1.19106888346 0.237158806884
4.23855250842 -3.93917188836 1.6690892214 4.23855250842 -3.93917188836 1.6690892214
0.790286749666 -0.534693287141 1.18710020548 0.962876018294 -0.293857191635 1.21805903596
4.5918965182 0.848795065109 -1.04687829642 4.5918965182 0.848795065109 -1.04687829642
0.299958070197 -1.04998348714 1.7074416497 -0.208820052977 -0.95559348554 2.09689487836
1.08150977909 -0.844387057167 2.38425434234 1.08150977909 -0.844387057167 2.38425434234
0.0456171743165 -0.114861817377 -0.24030960748 0.536833499861 -0.398153989617 -0.424305290886
-0.49393075822 8.41213025398 -2.44637523106 -0.49393075822 8.41213025398 -2.44637523106
-3.54442203084 0.267842468174 2.40603920935 -3.54442203084 0.267842468174 2.40603920935
0.663391855276 1.09522575878 -0.398805355994 0.927919984684 2.07900023813 0.0754386536998
-4.09472857579 -3.78603821543 -2.26087104477 -4.09472857579 -3.78603821543 -2.26087104477
0.364199913379 -0.170967774516 2.48064798677 0.364199913379 -0.170967774516 2.48064798677
-0.875212449237 2.48376975089 -0.874117022425 -0.875212449237 2.48376975089 -0.874117022425
0.479754385414 -0.519455810435 -0.0799657713532 0.479754385414 -0.519455810435 -0.0799657713532
1.6834731821 -0.403569463516 1.03888136585 1.18617557732 0.00989292449332 0.732956041695
-0.0479351161996 -0.394993279721 0.145142287187 0.389281040747 -0.550113699797 -0.0773602161592
0.35382756755 -0.110384066256 -0.522156518717 0.415055288556 -0.286770571668 -0.402435279608
1.15287522329 1.06845567623 3.02075951357 1.15287522329 1.06845567623 3.02075951357
2.5018824283 -1.52881985075 1.17047548021 2.5018824283 -1.52881985075 1.17047548021
0.545618120575 -4.38293656497 -1.13213338272 0.545618120575 -4.38293656497 -1.13213338272
0.794531348888 1.11132712041 -0.451110964558 0.794531348888 1.11132712041 -0.451110964558
-2.37963751225 0.866434364665 -4.1111650089 -2.37963751225 0.866434364665 -4.1111650089
2.34478041725 -2.78788049225 4.55012350539 2.34478041725 -2.78788049225 4.55012350539
-1.83201633019 -0.78457980822 -2.25402859804 -1.79063027142 -0.696981710987 -2.0045901129
3.67564546723 4.67306978536 3.47822100422 3.67564546723 4.67306978536 3.47822100422
-0.242923478557 1.67241908445 0.422567765284 -0.378105533393 1.55959725026 -0.154459412905
-0.699508598415 -2.60834795307 0.295936300485 -0.699508598415 -2.60834795307 0.295936300485
2.19768290417 -1.26528414493 -3.39413076439 2.19768290417 -1.26528414493 -3.39413076439
-0.208820052977 -0.95559348554 2.09689487836 0.299958070197 -1.04998348714 1.7074416497
-1.20062692306 -1.77545127999 -1.17017821913 -1.20062692306 -1.77545127999 -1.17017821913
0.710158819415 1.9979079284 -0.916086562821 1.01581660862 1.65576419376 -0.911240436052
-0.87332730073 3.17823733647 -2.17226992117 -0.607793596162 3.35985400155 -2.02300027425
1.27969342002 -1.02316328354 -1.57985244468 1.22172231443 -0.459633448314 -1.24518011342
1.17546304618 1.40041388772 0.642624730624 1.17671741089 1.54416306877 0.327959121641
1.19127457534 0.533379106724 -1.42227075162 1.12820553556 0.300523240663 -1.31098253335
-1.27926233338 -1.55970182014 -2.21722652539 -1.27926233338 -1.55970182014 -2.21722652539
-1.47105241951 0.626056466091 -0.722603411432 -1.47105241951 0.626056466091 -0.722603411432
0.774408558918 -0.315196653033 -0.0296643651132 0.898392383978 0.0764314438319 -0.0831210539877
1.81662708502 0.636379682011 -1.42584282628 1.81662708502 0.636379682011 -1.42584282628
1.89112951731 -0.261737047783 1.33102640544 1.59716319237 -0.268705169609 1.58379115554
-1.20367248968 2.07994939503 -4.24365282534 -1.20367248968 2.07994939503 -4.24365282534
0.444007462281 -0.11383863755 0.50031917682 0.774408558918 -0.315196653033 -0.0296643651132
2.54390170693 3.13561538359 -0.0158047295067 2.54390170693 3.13561538359 -0.0158047295067
-5.04818748976 3.75103514725 -1.13122628393 -5.04818748976 3.75103514725 -1.13122628393
0.0738120915065 -0.620688642843 -0.440763421393 0.460545964705 -0.803408505109 -0.186690393186
0.369035828883 0.025079367966 0.591727227686 0.812745575819 0.0341155518289 0.932817581546
1.13699179551 0.957400989721 -0.689781263436 1.38693431382 1.02129678539 -1.0384561352
-1.94869096815 0.181712776755 -0.553888562841 -2.15151622362 0.198079709886 0.0287592948435
2.05469254541 -1.02368098658 -2.29573624053 2.05469254541 -1.02368098658 -2.29573624053
1.50619492478 0.218954544652 0.194190478212 1.20795778967 0.669001674961 -0.388059553965
2.65732030251 -0.828830848413 1.15951661474 2.65732030251 -0.828830848413 1.15951661474
-0.924836538404 -2.34897599618 1.16290510841 -1.14770440782 -2.51895333679 1.27459519522
-1.97333241893 2.97111891376 0.604728158367 -1.4602153968 2.7191696263 0.93583518897
0.899734121435 1.27402794472 -0.108092725473 0.290296529923 1.30480612674 -0.00874690569788
-3.00333788748 -2.68599685225 -3.56755177771 -3.00333788748 -2.68599685225 -3.56755177771
2.4063760432 1.01360372772 -1.60823243756 2.12166996034 0.708913427157 -1.71052039635
1.27669118925 -0.191255354789 -0.73016834429 1.27669118925 -0.191255354789 -0.73016834429
-1.53164432835 3.52450442703 -1.82376100498 -1.53164432835 3.52450442703 -1.82376100498
2.38963318403 -4.70283135198 0.657169938078 2.38963318403 -4.70283135198 0.657169938078
3.40915144223 -1.79478859911 2.08621107545 3.40915144223 -1.79478859911 2.08621107545
1.18617557732 0.00989292449332 0.732956041695 1.50619492478 0.218954544652 0.194190478212
0.856462359925 -0.666709776274 0.0326082009704 0.846966139685 -0.634420120571 -0.08689334846
0.464137846962 0.311355313292 -0.838900294579 0.614334174293 -0.0920937613072 -0.424962498235
0.332688541923 -0.757678630753 1.01047795713 0.111116691322 -0.661740225812 0.500999956286
-4.92025233361 3.49422482839 3.19831344856 -4.92025233361 3.49422482839 3.19831344856
0.984414635739 1.0717203544 -6.15466325489 0.984414635739 1.0717203544 -6.15466325489
-2.32084211557 -2.42593601144 2.11658958738 -2.32084211557 -2.42593601144 2.11658958738
0.459225264639 -0.946335803991 -4.36068038538 0.459225264639 -0.946335803991 -4.36068038538
-2.76024028049 1.30742896625 -2.83743004683 -2.76024028049 1.30742896625 -2.83743004683
0.74239863574 -4.06445001379 -2.16316985583 0.74239863574 -4.06445001379 -2.16316985583
-2.81696899584 -2.31658439335 4.82853353869 -2.81696899584 -2.31658439335 4.82853353869
3.53315689647 -2.01881085018 4.96015408233 3.53315689647 -2.01881085018 4.96015408233
-0.91235340403 0.784306547851 0.64824698383 -0.91235340403 0.784306547851 0.64824698383
-5.22883895535 -3.95704531618 1.40109221903 -5.22883895535 -3.95704531618 1.40109221903
0.435385462526 1.30955999474 -1.01213522875 0.899895445369 1.19319480078 -0.904413622368
5.74793300792 -3.44459898918 0.252821098232 5.74793300792 -3.44459898918 0.252821098232
-5.62294682667 1.50931541905 -1.27258913204 -5.62294682667 1.50931541905 -1.27258913204
3.51907637068 -2.10887584941 2.36550992737 3.51907637068 -2.10887584941 2.36550992737
0.81653320566 -1.15512250404 -1.60267539549 0.81653320566 -1.15512250404 -1.60267539549
3.47224394576 0.13561101965 -1.63858664821 3.47224394576 0.13561101965 -1.63858664821
0.370884949025 -2.73535838676 -1.65852865923 0.370884949025 -2.73535838676 -1.65852865923
0.312751137866 2.42807302579 -1.34745450704 0.278908970352 2.5462168392 -1.64241408159
-0.139871559561 2.53978037143 -1.42974512772 -0.139871559561 2.53978037143 -1.42974512772
0.320089455722 0.18714886286 -0.00706032626954 0.0271247781449 0.113654679628 -0.216274278783
3.70125500432 2.76124638955 0.416259000875 3.70125500432 2.76124638955 0.416259000875
4.63990723784 -1.72222112325 0.177274924029 4.63990723784 -1.72222112325 0.177274924029
1.22172231443 -0.459633448314 -1.24518011342 0.601211717679 -0.64856644551 -0.886229425251
0.0424384282811 -1.71548526003 -4.71783975378 0.0424384282811 -1.71548526003 -4.71783975378
1.55674032849 -1.70723858618 3.41431524763 1.55674032849 -1.70723858618 3.41431524763
0.599221120335 0.0749435070172 2.35894818601 0.855280056491 0.202071352756 2.37726373973
2.4181919153 0.591434007388 -2.33575737719 2.68044404587 0.570551427998 -2.67297797602
-3.28901775724 -1.03436540351 1.3119279204 -3.28901775724 -1.03436540351 1.3119279204
0.266776170352 0.713704516991 1.11559009073 0.403812380339 0.869922731781 1.28620542339
0.389281040747 -0.550113699797 -0.0773602161592 0.856462359925 -0.666709776274 0.0326082009704
1.23907251938 0.772712104766 -0.367789897491 0.601250080737 0.120216008802 -0.291599018076
1.55276924991 -0.859774288825 -1.17507750522 1.55276924991 -0.859774288825 -1.17507750522
0.555987432898 0.302307102914 -1.2917909212 0.464137846962 0.311355313292 -0.838900294579
-2.64109946766 -0.50341063793 -2.44859458955 -2.64109946766 -0.50341063793 -2.44859458955
-1.21800572689 -2.52072934044 1.18057019122 -0.924836538404 -2.34897599618 1.16290510841
0.476807736577 -0.199944629592 0.534548781697 0.95181076299 0.174449504854 0.0253830202731
0.0590314919852 -0.159287917739 0.25593726893 -0.0479351161996 -0.394993279721 0.145142287187
0.110682935452 0.549018938209 -0.176339442063 0.321918941803 0.376283761136 -0.169752788372
0.570313902622 -0.729636231685 -0.651335580157 1.27969342002 -1.02316328354 -1.57985244468
1.67976540784 -1.81765680834 -0.501795880147 1.80926008062 -1.31384807804 -0.330839219707
-2.96578333685 -1.07950985761 0.672891611116 -2.96578333685 -1.07950985761 0.672891611116
5.15767460813 -3.37030104274 -6.86985154542 5.15767460813 -3.37030104274 -6.86985154542
-0.20534310504 -1.51777138097 -0.121137448406 -0.990055877224 -1.14694604372 -0.291785085808
2.57484408695 -5.36092714661 -0.101056729023 2.57484408695 -5.36092714661 -0.101056729023
0.112430405387 -2.55742803539 -0.700540807244 0.112430405387 -2.55742803539 -0.700540807244
-3.79624883511 3.89814001092 6.18262952626 -3.79624883511 3.89814001092 6.18262952626
-1.79207338549 4.22968562727 3.88300872157 -1.98014732607 3.90647302442 3.72197728268
-0.567519875393 -0.0987849940305 -1.0716110391 -1.47006759586 0.400877829451 -0.526144711626
1.54089446095 1.13820836554 -3.00516344964 1.54089446095 1.13820836554 -3.00516344964
0.536833499861 -0.398153989617 -0.424305290886 0.0738120915065 -0.620688642843 -0.440763421393
0.156930208275 -0.757926495933 0.050419978437 0.156930208275 -0.757926495933 0.050419978437
-0.957646440538 0.270990661309 -0.769140684641 -0.383055818192 0.493701750506 -0.459498372749
2.7626889582 -1.6037046126 -0.0259575762677 2.38431118921 -0.923505580126 0.162925157381
0.0271247781449 0.113654679628 -0.216274278783 0.555987432898 0.302307102914 -1.2917909212
-1.3216890621 2.25439289025 4.38132369204 -1.3216890621 2.25439289025 4.38132369204
-3.02302390435 -0.690060612101 5.95637419377 -3.02302390435 -0.690060612101 5.95637419377
-0.383859224113 0.313382100602 0.968406357096 -0.373423002519 0.317111831654 0.536685550008
-4.16657385264 -0.741744822447 0.325065007135 -4.16657385264 -0.741744822447 0.325065007135
2.74251464134 4.81214844214 2.76976001886 2.74251464134 4.81214844214 2.76976001886
2.08109593286 -0.158658005429 3.747960134 2.08109593286 -0.158658005429 3.747960134
0.547046762429 0.809430558217 -0.256375416651 1.23907251938 0.772712104766 -0.367789897491
-0.0414264618588 2.32526356735 1.96519099059 -0.0414264618588 2.32526356735 1.96519099059
5.358260626 3.78054765925 3.21470089064 5.358260626 3.78054765925 3.21470089064
1.19215823731 1.20062779175 0.56822886653 1.04266066056 0.496745592086 0.424779846511
-0.607793596162 3.35985400155 -2.02300027425 -0.87332730073 3.17823733647 -2.17226992117
3.28472158567 1.21931315585 -4.07429161408 3.28472158567 1.21931315585 -4.07429161408
2.65279041902 1.44228985262 1.7456084253 2.65279041902 1.44228985262 1.7456084253
0.245184281915 0.0692125326643 0.239001130339 0.245184281915 0.0692125326643 0.239001130339
-4.0409217971 -1.87642380914 1.14172704825 -4.0409217971 -1.87642380914 1.14172704825
1.90401490631 -2.31421812174 0.339894117895 1.90401490631 -2.31421812174 0.339894117895
4.67587047688 -0.0311826140413 2.99545389728 4.67587047688 -0.0311826140413 2.99545389728
0.619447444615 0.0086277678416 -0.803299887699 0.964766688851 -0.296215159734 -0.28481153055
0.95181076299 0.174449504854 0.0253830202731 0.320089455722 0.18714886286 -0.00706032626954
0.798007087244 0.0390577516556 -0.7713399113 0.699325993647 -0.268640650889 -0.930924122417
4.11061467273 2.59187536772 1.26289199873 4.11061467273 2.59187536772 1.26289199873
-0.987259902298 -0.981769617918 -3.9308059436 -0.987259902298 -0.981769617918 -3.9308059436
-3.16545689565 -0.860256392303 0.695934376854 -3.16545689565 -0.860256392303 0.695934376854
1.52117793764 1.32868065992 0.986748670083 1.52117793764 1.32868065992 0.986748670083
-2.56141999355 2.82479296046 2.2719221513 -2.56141999355 2.82479296046 2.2719221513
1.24567104361 1.00244051875 -1.0250697454 0.663391855276 1.09522575878 -0.398805355994
-1.26804085193 -2.5958154939 0.828509789964 -1.21800572689 -2.52072934044 1.18057019122
-1.6231315198 0.706565727064 4.46830258653 -1.6231315198 0.706565727064 4.46830258653
1.99791960105 -1.58240095098 0.542876215285 1.9267252293 -1.49180860296 0.197832474572
1.43936300001 2.38547561182 -2.73940985785 1.43936300001 2.38547561182 -2.73940985785
-1.02077588395 3.25916733831 0.0711213023057 -1.33194052205 3.17055091341 0.0767448842007
-2.37648331277 1.49904700224 -1.36675661512 -2.3281020005 1.48451093776 -1.0979677701
-1.98014732607 3.90647302442 3.72197728268 -1.79207338549 4.22968562727 3.88300872157
-0.723733547356 0.641410105538 3.96831093556 -0.723733547356 0.641410105538 3.96831093556
0.403812380339 0.869922731781 1.28620542339 0.266776170352 0.713704516991 1.11559009073
-1.47006759586 0.400877829451 -0.526144711626 -0.957646440538 0.270990661309 -0.769140684641
-1.41379259036 -1.05457105444 2.3053707966 -1.41379259036 -1.05457105444 2.3053707966
-0.755329823497 -0.140267961089 -1.57702288191 -0.755329823497 -0.140267961089 -1.57702288191
-0.827459033034 1.18872112234 0.231201798388 -0.396130230832 0.493408787392 0.57164236566
2.51894178948 -0.430337094208 0.787691329882 2.27903604573 -1.37107123699 0.392595305914
-1.86742967545 0.530793845125 1.20665984578 -1.86742967545 0.530793845125 1.20665984578
2.05459763405 -5.54390219267 3.25995691529 2.05459763405 -5.54390219267 3.25995691529
-0.701856388153 -0.517933069346 -0.27396654751 -0.74466098862 -0.720726795378 -0.217237387419
-2.53442698252 3.5345882614 -0.251380113689 -2.53442698252 3.5345882614 -0.251380113689
3.94229683535 -0.203073951091 -3.56881243482 3.94229683535 -0.203073951091 -3.56881243482
-1.03447659323 0.0847267101517 -1.77747886248 -1.03447659323 0.0847267101517 -1.77747886248
2.147229465 1.12021954387 5.38390975496 2.147229465 1.12021954387 5.38390975496
-0.950632180098 -0.244845538308 1.57433829281 -0.928050246066 -0.13065940185 1.60167945693
-2.05086550337 0.643450215908 -2.61497854092 -2.05086550337 0.643450215908 -2.61497854092
1.16719491021 -2.27288855485 -1.47102949616 1.16719491021 -2.27288855485 -1.47102949616
