0.94141385626 0.957346047431
0.102885822951 0.259078203817
0.970336841731 0.249693207434
0.00308915480503 0.337743717343
0.131016696031 0.468355878315
0.879318107833 0.606606200454
0.0217863048239 0.679616276031
0.0973665971883 0.75777884852
0.0704791057035 0.157649719389
0.172691423983 0.238564928755
0.136173438369 0.333280731013
0.224812194408 0.503026734936
0.0123600521367 0.593050907108
0.173696489728 0.770463261017
0.254406154739 0.855133876095
0.172986506951 0.00184075883299
0.341108119778 0.0655510157762
0.339850572773 0.222739657211
0.229265390592 0.279559623375
0.230594520304 0.392593644603
0.316816149784 0.602793823959
0.3814901121 0.699278672345
0.328459283264 0.966119438378
0.401143612177 0.0366892392045
0.518234843192 0.0668898461452
0.561521146923 0.170681606968
0.409553712188 0.206361990303
0.477464019488 0.359127686923
0.36934677483 0.559645458132
0.415106300112 0.61546167363
0.367397850093 0.824373138155
0.470535511876 0.0120056566621
0.528187236148 0.953348311969
0.57298707638 0.305547359753
0.493182490889 0.290698448246
0.588607793334 0.390496782229
0.522117236335 0.608106965537
0.572909214 0.802615148206
0.432430390611 0.745932313417
0.564622990416 0.889922413381
0.606792519422 0.0431389572054
0.746059113727 0.0198113505029
0.615395556358 0.239765139937
0.665175271644 0.41018436151
0.596858913493 0.608046074797
0.571841745445 0.734174714323
0.842286928867 0.820369277778
0.641700503797 0.778801198164
0.894597361621 0.0175917515005
0.753483930232 0.245709721397
0.911820139132 0.295406933138
0.817718057543 0.444955465763
0.777752869669 0.518642264507
0.688995128401 0.715378839399
0.639484157023 0.874094233917
0.814018539968 0.00710626351139
0.942110926039 0.146034389613
0.859781253568 0.252652841033
0.894004689361 0.469712369345
0.0451160327145 0.530581786511
0.957760376804 0.504197584932
0.954740774737 0.705218985875
0.938052057502 0.823354190035
0.845309165912 0.933458459094
