-0.0625440624814 -0.187451055221 0.980280746595
0.917201427776 -0.383843503206 -0.106797499648
-0.478938221751 -0.85784910243 -0.186314511525
-0.102745029326 0.256623563403 -0.961034757777
0.746033098798 0.19151951539 0.637773385085
-0.495013020365 0.81787917598 -0.29331853533
-0.475710205652 0.604652272324 0.638823473122
-0.875581844422 -0.0391443252866 -0.481481209931
0.273355577561 -0.87292857609 0.404069832161
0.249380808868 -0.608094582332 -0.75367777671
-0.856278946117 -0.252371211361 0.450660779426
0.722058300472 0.456353587197 -0.519974243758
0.313649265571 0.927021574732 0.205560546285
