-0.511590312252 0.798762086797 0.316629880312
-0.214877661197 -0.732291078839 -0.646202264443
-0.568917729765 -0.00698482064682 0.822364778575
-0.713633291487 -0.68098264969 0.164286810492
-0.326033602368 0.170755952088 -0.92980884861
0.549276438391 -0.188061737831 -0.814204014355
0.562197565487 -0.820740731323 -0.101580260423
0.373210709535 0.666657216047 0.645199134052
0.832457221313 -0.160495368818 0.530335941901
0.0564958861987 0.894979166826 -0.442516107943
0.866771260225 0.460268036235 -0.191991971885
-0.962982397666 0.154244735654 -0.221073434201
0.069985132886 -0.704545600537 0.706199389648
