-0.256128125914 0.890444677763 -0.376173708491
-0.897705486463 0.189154516168 -0.397926411021
-0.0508377054957 0.151099937643 0.987210381096
0.749838871256 -0.605600236574 -0.266439525249
-0.0112115470909 -0.9171453719 0.398395115449
0.694091931388 -0.327588796063 0.641031958234
-0.631347602941 -0.717581340397 -0.294070100783
0.453129277301 0.411812687369 -0.790622646131
0.932783848816 0.359302159688 0.0285700793012
0.239849320183 0.868081650234 0.434633813841
-0.752322774503 -0.33443480988 0.567594750596
-0.673323320687 0.602709010126 0.428226055876
0.0539509300183 -0.444853607258 -0.893976825908
