-0.251081989587 0.967950822551 0.00538884283022
0.897694753878 -0.428193470331 -0.103896490924
-0.762457351047 -0.620209586813 -0.184387787719
-0.72371187303 -0.183044174245 0.665384065867
-0.940671282244 0.317267451444 -0.120328313443
0.726977070478 0.0916974561949 0.680511510209
0.120073346348 -0.984475626195 -0.128023954498
0.112620750589 -0.636663599228 0.762873533395
0.67634783877 0.736180355924 -0.0243327874055
-0.130367522885 -0.452363185191 -0.882253851032
-0.108726185104 0.527710215367 0.842437264887
0.592703200957 0.166519329642 -0.788019180243
-0.308581450806 0.485113850445 -0.818194378082
