0.00367143857093 0.994764557892 -0.102127346492
0.685701101828 -0.44626015545 -0.575035540301
-0.216825362439 -0.737521053183 -0.639569744684
0.0191578585491 0.112552145235 -0.993461117034
-0.804134705621 -0.323836359366 0.498495122914
-0.798938390012 0.572857793327 0.183115803769
-0.123839641033 -0.951409879799 0.28192726709
-0.822540208434 -0.00839093218254 -0.568645054288
-0.0572181067991 0.629504121257 0.77488750769
0.803569717946 0.380115493011 0.458026113199
0.739993570421 -0.563896897571 0.366646702761
0.0406267795716 -0.298997512777 0.953388667929
0.72057277668 0.49902713914 -0.481400859896
