-0.305297380037 0.57648969849 -0.757926868028
0.0273638446828 -0.996746918044 0.0758076603858
0.627104369428 0.37784350519 -0.681156659976
0.92643578663 -0.248473082215 0.282803572584
-0.271967582155 -0.370430275246 -0.888152602562
0.03821157256 0.469182083718 0.882274360979
-0.202790339336 0.97345094993 0.106157083383
0.699446166127 0.678738803379 0.223805043459
0.603044755421 -0.570274404213 -0.557785018496
-0.926663747573 0.370990237644 -0.0605024173724
-0.808120998907 -0.575969520927 -0.123286504081
0.196622597572 -0.473720430969 0.858445401529
-0.685661836599 -0.133278630808 0.715614877152
