0.672431373976 -0.732280900968 0.107706682103
-0.944685810565 -0.134063302694 -0.299325492045
0.980773682714 0.167602491104 0.0999619341092
-0.70968253189 0.697660601122 0.098083584626
0.670273505599 -0.235723375279 -0.703681688009
0.374649052049 0.838392333799 0.395899459996
0.495889536413 0.684076911215 -0.534913401607
-0.290328071119 0.365133368218 0.884526559541
-0.243487419751 -0.449500603717 -0.85945510859
-0.698285373966 -0.434230925341 0.569070329558
-0.402314500516 0.48475786296 -0.776629163097
0.499574304318 -0.163856732581 0.850632991162
-0.232449000986 -0.970524923439 -0.0636304559497
