-0.92559728264 -0.368411482779 -0.0868484296091
-0.570569879926 -0.225562406639 0.789665506929
-0.167095822773 -0.149714176289 -0.97450738911
0.106010909652 -0.846315709124 0.522026251758
0.71670630307 -0.670234986941 -0.192658084232
0.351958158919 -0.0198629274821 0.9358049575
0.138377751312 0.876764274812 -0.460582244941
0.321468726784 0.818395407773 0.476326373651
0.96265346824 0.15621782342 0.221120536658
-0.620123673762 0.658066945186 0.427076720149
-0.725365443115 0.468410063172 -0.50441747259
-0.190750604414 -0.902807600058 -0.385425277055
0.701288146766 0.141150106213 -0.698764325593
