0.476598674848 0.582514523151 0.658430355809
-0.435480833311 -0.804312496252 0.404274476305
-8.6655025357e-05 -0.180207020973 0.983628701331
0.636794615167 0.720588680853 -0.274307439055
-0.825600969793 0.0546291849509 0.56160367772
-0.375625727723 0.866113083788 0.329777862755
-0.257634160579 0.747779255716 -0.611923871101
0.872029262884 -0.189386656468 -0.451328770438
0.379653243355 -0.921479136963 -0.0820951579084
0.815047425328 -0.297373696621 0.497259066307
0.0960223085281 -0.0545684955218 -0.99388228456
-0.916397999712 0.0909559113141 -0.389797034777
-0.430170350624 -0.717271967686 -0.548155446763
