0.401201482712 0.502863729715 0.76561441967
-0.995170873378 0.0751022945789 -0.0632026750116
-0.541759965689 0.567950297226 0.61961972165
-0.618223616513 -0.737155236154 0.272766782795
0.321578417757 -0.856168229751 0.404429578046
0.47472938885 0.872811035046 -0.113282410215
-0.543089803568 -0.523560795159 -0.656458345238
0.787349143642 0.114849415513 -0.605715228273
-0.164812755783 -0.244307247324 0.955589202762
0.942908896999 -0.136036537102 0.304001435084
0.379759366309 -0.748168065884 -0.54408397228
-0.463466729765 0.835471188792 -0.295273573316
-0.0884201365289 0.260679482924 -0.96136782068
