0.0489663781489 0.803117537831 0.593805114696
0.777071784868 0.188931083279 0.600386947671
0.925018669057 -0.333236749646 -0.182465696998
0.0993252339312 -0.405139738607 0.908843380405
-0.91285375597 0.38280755081 -0.14197323429
0.216875052755 -0.628217960018 -0.747199709718
-0.617947320394 -0.700916823276 0.356169504682
-0.64417537275 0.167729752598 0.746260557202
0.661200925854 0.501530307435 -0.557925341218
-0.156783221245 0.931808121547 -0.327341787975
-0.699004246153 -0.44685018931 -0.558317089272
-0.154561802889 0.222075947625 -0.962700847914
0.277722706167 -0.949257165509 0.147583644789
