0.327895793859 -0.408955066252 -0.851610299466
0.0936488062299 -0.591037189948 0.801189703622
-0.824683713085 0.462706076727 0.325268904035
-0.794772453887 0.166489233743 -0.583624949423
0.887091983874 -0.272739305022 0.372399091893
-0.771704045167 -0.488739518299 0.40694784669
-0.123302915207 0.990901919353 -0.0539423518539
-0.100234442909 0.335673205233 0.936630426446
0.637269564208 0.649496985432 0.41477845707
0.0549676116689 0.507652831438 -0.859806469155
-0.48865313661 -0.732881333621 -0.473395250199
0.346468976814 -0.936502040332 -0.0540664087938
0.868518826455 0.254807641438 -0.425144815279
