0.0644787889544 -0.653352740469 -0.754302778927
-0.180295124083 0.937530212583 -0.297541205089
-0.27375898313 0.72626401359 0.630552616139
0.854833518939 0.19079354549 -0.482553082985
-0.729323051519 -0.647543956232 -0.220849974576
0.740115644131 -0.667995981635 -0.0775254915033
-0.910100428626 0.0466131043955 0.41175773012
0.595946641624 0.76792366165 0.234820889647
-0.0516059903034 -0.915751551645 0.398416763483
-0.164013900198 -0.15980586042 0.973427720746
-0.816636537062 0.257879291966 -0.516336166766
0.0306376190962 0.280185467708 -0.959456846336
0.738748672575 -0.0716052585083 0.670166461204
