0.620535015495 0.685907756216 -0.380087943123
0.145974436533 -0.0625429171037 0.98730939801
0.0586976244027 -0.882413293247 -0.466799066827
0.523324933355 -0.141012460628 -0.840384733367
-0.961993770569 0.192152931303 -0.194023803639
-0.625425622589 0.396456088469 0.672060533379
0.111088835453 -0.868526168482 0.483033710315
-0.299118593361 0.724841921281 -0.620590248279
0.851973540771 0.274439991628 0.445896598799
-0.426140305408 -0.179707373765 -0.886628276067
0.837946153826 -0.54441014558 -0.0382601186346
0.137300083193 0.901428452132 0.410579386771
-0.717814967307 -0.694454408629 0.0497468295027
