-0.110951190804 0.159148511631 0.981000297913
-0.456987526571 -0.877387502558 0.146128610866
-0.339489077786 0.459587346172 -0.820686686442
0.205278900463 0.954119853516 -0.217981371112
-0.848315244567 -0.25928974372 -0.461660128923
-0.876205131069 -0.0889880945893 0.473651440734
0.990307333321 -0.138738472841 0.0065590947312
0.628214313553 0.561845359613 0.538216097984
0.430914071653 -0.881125204363 -0.194759947338
0.596354150958 0.273301692849 -0.754763480383
-0.686159192446 0.727067685359 0.0236250614306
0.447624172138 -0.557268050147 0.699346066553
-0.0228740656678 -0.433681347841 -0.90077592422
