-0.53152776868 -0.579479206903 0.617804240751
0.3033258791 -0.234711078987 0.923528083205
-0.849318528946 0.527510211871 -0.0197740425798
-0.445589365549 0.347315103501 0.825119589023
0.707359492437 -0.68227599079 0.18477559593
0.589541583952 0.686666354794 -0.425358716832
-0.134141178567 -0.979345685158 -0.151288377531
0.720366772977 -0.229691471678 -0.654456675593
-0.186399584548 -0.392156582124 -0.900815413932
-0.0432844328064 0.972668156093 0.228129603512
-0.282416143384 0.549630199625 -0.786223737632
0.905649123931 0.235195988279 0.352820792217
-0.883056442528 -0.397319497153 -0.249696889233
