-0.37203049582 0.925750267117 -0.0676738731894
0.900572366382 -0.434578462789 -0.0105343528358
-0.624234600638 0.38499163572 0.679788646412
-0.954762273121 -0.285495662417 0.083193921451
-0.343771199934 -0.523944850183 0.77929657773
0.181478884973 0.60226028516 -0.777398201199
0.126798513311 -0.98801952567 0.0879747345427
-0.702558208664 0.255262976473 -0.664268602511
-0.425331122134 -0.659033810205 -0.620296601273
0.850568331187 0.516383262228 -0.0994074467628
0.263038807079 0.737349286212 0.622194998448
0.440043320321 -0.316381528489 -0.840395504909
0.537323512647 -0.155254754576 0.828962848346
