-0.792357043277 0.317587819292 0.520872626471
-0.128619880195 0.0147657468024 -0.991584035339
-0.0397501076065 0.901026467769 0.431938923142
-0.178714573591 -0.824861474082 -0.536343779457
-0.862860390896 0.263378941453 -0.431397124494
0.0182131904846 0.127663392827 0.991650310253
0.612654897843 -0.790350454509 -0.0003677040446
-0.110253479165 0.846817572671 -0.520330826444
-0.0911473950583 -0.757532394341 0.646402988776
0.756045130422 -0.100213646977 -0.646802122542
0.843612371012 -0.0328845468691 0.535944749068
0.728501022805 0.678760691283 -0.0925752868809
-0.838907674737 -0.536331482921 0.092641533319
