0.268081067473 0.84213840163 0.467905389756
0.766879086825 -0.528672583579 -0.363870534068
-0.122913814975 -0.812130100968 -0.570383110892
-0.484218760885 0.544368654626 -0.684978072253
0.954619188023 0.265640924111 0.134674070613
-0.805544110635 -0.166518314898 0.568656606947
-0.221645204197 -0.89933774955 0.37691513062
0.0115334473843 0.087222856698 0.99612205721
0.232170637536 -0.0203132916146 -0.972462937726
-0.652590028859 0.71861991679 0.24023253199
0.62938600234 -0.514360344011 0.582500383319
0.419910748727 0.77400023145 -0.473918352482
-0.885768712619 -0.267940646239 -0.378974402617
