-0.553098531493 0.219136463923 -0.803779338276
0.244478658308 -0.294876513939 -0.923730494873
-0.820136925819 0.470088181861 0.326178669111
0.572101627988 0.547410170498 -0.610771505957
-0.203292252874 0.12592036907 0.970987291665
0.728825475352 -0.659508754065 -0.184015297706
-0.177111558538 -0.923813089456 -0.339412538928
0.305063353003 0.798361913054 0.519186485224
0.963963227809 0.190747237493 0.185446452706
-0.228546430586 0.93755061662 -0.262231520498
-0.922776813385 -0.359703392688 -0.138189804142
-0.392113277215 -0.72176326124 0.570355128457
0.513823866572 -0.457458838225 0.725752330669
