-0.148234867888 -0.967238450754 -0.206097557784
0.581025135651 -0.727720639986 0.364461879872
-0.150512192969 0.242628598997 0.958372288162
-0.318150368821 -0.657739008722 0.682758917353
0.503940626785 0.694350495904 -0.513732647895
0.20089496616 0.907902354586 0.367905595375
0.962659082633 -0.102541346442 -0.250544931886
-0.821073086452 -0.337013010449 -0.460718154072
-0.292214543427 0.329260550783 -0.897885377043
0.74866329261 0.172646911339 0.640075244251
-0.909999056493 0.0432052131697 0.412353036532
0.295729118751 -0.423932231148 -0.856052423463
-0.612861584897 0.781269812842 -0.118398299396
