-0.731771873621 0.628779365834 0.26295709551
-0.52425681904 -0.257804023367 -0.811598344765
0.632435650991 -0.753612946627 -0.179144282718
0.149344423372 -0.748345345208 0.646278181214
0.422870639062 -0.152843772299 -0.893207256961
-0.961450400379 -0.272210158203 0.0389198841577
-0.505693415342 -0.0845758334519 0.858557568294
0.424920604277 0.132970417456 0.895411273182
0.551224117766 0.692711110989 -0.465084173786
0.175357963882 0.90462442348 0.388463945491
-0.390705458327 0.671577205073 -0.62955007939
0.988934127666 0.0802033643782 0.124806696453
-0.306412549414 -0.935979603763 -0.173359542287
