0.761964443277 -0.498737560356 0.413123508253
-0.890427501137 0.288530753547 -0.351978507122
-0.269538270432 0.814819586772 0.51324279029
-0.822219075679 0.0361858883588 0.568019694265
-0.150298428678 0.888865120963 -0.43281540993
0.26206537793 -0.92247056906 -0.283495655891
-0.507012005846 -0.521332768716 -0.686404378039
-0.540533331686 -0.810807262423 0.224533517626
-0.0406342413311 -0.387074333234 0.921152712086
0.849304430773 -0.196368373906 -0.490021882776
0.5340973064 0.361150208867 0.764402115337
0.106423556961 0.149841737097 -0.982965655731
0.727312681233 0.676130572433 -0.117744268397
