-0.722663090282 0.581981411836 -0.372901721935
0.890312503272 0.344877426165 -0.29732676879
0.196004024 0.173398851593 0.965150382501
0.391403349998 0.85923239556 0.329428456619
-0.113721415889 -0.343706519048 -0.932165901721
-0.147777300981 -0.965930168709 -0.212463593333
-0.511947472978 0.657870716575 0.552372976516
0.0689469256945 -0.726965565607 0.683203767451
-0.756888456166 -0.260880073128 0.599217366544
-0.869120020559 -0.358142982724 -0.341121670066
0.121950508939 0.570792987293 -0.811987339204
0.860806825874 -0.258716671141 0.438266234842
0.688386987761 -0.573884895967 -0.44359833325
