0.764212145795 0.12658040746 -0.632421692123
-0.512185810218 -0.82805975263 0.227997240961
0.289887078485 0.899188407725 -0.327758583625
-0.12269771618 0.297968511327 -0.946657296334
0.000256575009541 -0.0813272187766 0.996687422242
0.392810897993 0.695949942018 0.601126672694
-0.891946541523 0.24352566099 -0.380954878568
-0.479361815329 0.844745542168 0.237943730727
-0.466454284182 -0.556174088429 -0.68781595222
0.955686056466 -0.0137076009356 0.294068466777
0.443243784507 -0.760440143154 -0.474621676893
-0.837855602083 0.0131955843619 0.545732413012
0.408653153033 -0.775627353356 0.481045537597
