0.345664187617 -0.279116574457 -0.895885152942
0.127645826683 -0.267884994892 0.954957680969
-0.0811090607285 -0.934815272844 -0.345748067132
-0.996831266385 0.0574603000745 0.0550067293357
0.41250975692 0.641785172413 -0.646488586842
0.698401144313 0.406656581868 0.588953534709
-0.476846335756 0.446401916669 0.757194097224
-0.533722027711 0.673785386258 -0.511032337921
0.973828167926 -0.00918466233239 -0.227099848815
0.615377031713 -0.737130156556 0.279195704007
0.058106149018 0.983090845637 0.173655016256
-0.55987052853 -0.697384984913 0.447436223501
-0.600567599196 -0.247116433407 -0.760428844229
