0.0631585487134 0.196044666049 0.978558882561
-0.621031696109 0.373322643696 -0.689166043948
-0.280968351819 -0.886463503307 0.36774888522
0.570076804345 -0.533688347046 0.624651251
0.954049531973 0.228802811072 0.193490992522
-0.85289094198 -0.450953176071 -0.263093660281
-0.647185983065 0.736961338182 0.195034072277
-0.135604304971 -0.424578418695 -0.895178551381
0.282752379749 0.889881323168 0.357997657009
-0.772402098836 -0.107647305098 0.625944930021
0.243704864039 0.769719538331 -0.590033703745
0.721447179621 -0.052718253395 -0.690459812571
0.436318399451 -0.860088765851 -0.264336091287
