0.349041421673 0.14843737053 0.925276408965
-0.855448841285 -0.294157854645 -0.426237535296
-0.0700668813329 0.878864363493 0.471898360585
-0.436964937381 -0.875134853715 0.207847615603
-0.0482096575214 -0.752096782472 -0.657287044385
-0.553742490961 -0.148995797238 0.81924935527
0.809143574829 -0.49023574028 -0.323968508138
0.448872128036 -0.717769295917 0.532279109594
0.932547720981 0.310090845982 0.184928135584
0.341214025235 0.0754684506487 -0.936951173722
-0.466025146461 0.533407378195 -0.705901644532
-0.872044387021 0.463485824678 0.157224290068
0.374064131135 0.848384922217 -0.374591843949
