0.999558700565 0.00189179732273 0.0296449865434
0.560487042723 0.539605569654 -0.628235707468
-0.716774569343 -0.200147603939 -0.667963437158
0.550761707486 -0.806653900784 -0.214408549073
-0.383148095561 0.694264996669 -0.609256638264
-0.974632929014 0.0721633269519 0.211856337941
-0.421591620462 0.842722550899 0.334782328928
0.196736857067 -0.289378046053 -0.936779032395
-0.394747923861 -0.911479804661 -0.115666081034
-0.431316966442 -0.503536928727 0.748609534983
0.0564489652878 0.292981085758 0.954450416578
0.523334115827 -0.49898350978 0.690750939326
0.532673554129 0.793856366298 0.293344429673
