-0.660843217638 -0.457100737484 0.595268979113
0.95457129519 -0.215953075879 0.205323918279
0.271815156159 -0.584037509229 0.764863849777
0.761091495621 0.309486270539 -0.570050860575
-0.373509805529 -0.497422899875 -0.782982045678
-0.13050281273 0.420439637276 -0.897886143827
-0.556285239576 0.819124166192 -0.139936887883
0.374784524672 0.92570530279 0.051051468666
0.473758065982 0.349808314016 0.808200122718
-0.135009026087 -0.990844010971 0.000841901541027
-0.47321841457 0.468533713785 0.746016414805
-0.978505880829 -0.0367319725659 -0.202921175272
0.547747173917 -0.622759569151 -0.558698087071
