0.49395480528 0.865797073761 0.0800254797455
-0.301996312802 -0.633263226514 0.712583969087
0.335508625798 -0.907871744881 -0.251401783728
0.355605575709 0.343526326335 0.869214782226
-0.608714735424 -0.772087188514 -0.182613647384
0.636811510086 -0.52000311553 0.569269585048
0.993110652933 0.0689177713672 -0.0947711549993
0.477105437601 -0.183377514025 -0.859501651401
-0.591865409856 0.277087189465 0.756913486503
-0.461009542096 0.886826025043 0.0317774039707
-0.990467326195 0.10037955838 -0.0943314369647
0.0522676050259 0.665729279136 -0.744360547292
-0.477190314796 -0.120717136254 -0.870469285202
