-0.182170103034 0.426498152486 -0.885953373201
0.464055168505 -0.86277453229 0.200681107772
0.724358798755 0.298396987877 -0.621501060573
-0.552277638457 -0.434189899039 -0.711666032373
-0.977058399393 0.177740841246 -0.117324667178
0.388031871476 -0.588948058103 -0.708922740202
-0.476235498377 0.753151771503 0.453830540145
0.249517128075 -0.283156597107 0.92604726894
-0.486777483933 -0.862717829289 0.136987693472
0.972160468936 -0.0570069988692 0.227275657999
0.192126586215 0.962314468908 -0.192453209375
-0.671352076862 -0.138388078947 0.728103789647
0.443866830282 0.609972974832 0.656441320265
