0.162465287569 -0.109214258556 0.980651454933
0.0911004388292 0.103203760023 -0.990479527281
0.999599687081 -0.0281419955525 0.00291439091622
-0.425801136431 -0.627006005554 -0.652347193765
-0.386823258627 0.772960432035 -0.502891575883
0.559214793592 0.636187498951 0.531548944883
-0.740322418844 -0.0509488817922 0.670318526972
-0.424971240453 -0.862548461793 0.274608076805
-0.378480596381 0.807255027003 0.452870577033
0.520236921996 -0.763778853104 0.382093455249
0.564065695345 0.709738698229 -0.422019989539
-0.965917196406 0.0539209485707 -0.253172867803
0.52663445839 -0.634677013697 -0.56554507824
