0.651389647969 0.758511781704 -0.0187457604448
-0.769768450905 -0.605285126298 0.202697922717
0.239419697366 0.492681593115 -0.836625995484
0.0504347518381 -0.994787666903 -0.0886218572628
0.471042604515 0.334617435031 0.816180149786
0.625591422016 -0.564460214534 0.538535086051
-0.95447635737 0.291127556133 -0.0649586736417
-0.270759508198 0.947247997841 -0.171494954172
-0.443237717572 0.573716295129 0.688759710222
-0.212674265408 -0.321503010124 0.922716354745
0.965918264419 -0.116255144525 -0.231271805099
0.309981159338 -0.458276184565 -0.833003373052
-0.626902360926 -0.338673639489 -0.701636370053
