-0.152161294085 -0.113952392769 0.98176463206
0.29441581653 0.941640329616 0.163195639091
0.323033935112 0.0711753063198 -0.943707132821
-0.12354314889 -0.984417352246 -0.125138191449
0.712211225411 -0.592820559961 -0.375924133417
-0.948185316809 0.237373006602 -0.211183949968
-0.497452933145 -0.390314324412 -0.77472272941
0.912898383792 0.331995246707 -0.237477782191
0.484041498535 -0.681711469048 0.548610335907
-0.531586975748 0.647928813867 0.545530511865
-0.780846329422 -0.50071944703 0.373576023312
-0.248193571952 0.758333879107 -0.602768345751
0.684728628142 0.243104364298 0.687056747192
