0.537214369157 -0.628937230866 0.561995267953
-0.0734142718249 -0.0411937068244 0.996450411817
0.803524633011 0.291609560441 -0.518952819054
0.101700594328 0.801670194858 0.58905168516
0.666211883436 -0.640766029514 -0.381550287368
0.0989644083834 -0.149494585672 -0.983797445986
0.865599906645 0.255364777824 0.43072686457
-0.259449359685 -0.853520926159 -0.451871727781
0.114153188376 0.927925525584 -0.354856687344
-0.777306257455 0.518930123668 0.355677534954
-0.95007856853 -0.288331113069 -0.119230377235
-0.400723601739 -0.776170065279 0.486806557857
-0.612865655382 0.404789187351 -0.678632007982
