-0.180228851824 0.760315966135 -0.624049030614
-0.854935257372 -0.518731943636 -0.0016959817232
0.952889233194 -0.259722453621 -0.15667276837
-0.71389111073 0.036313247745 -0.699314543005
0.0263551997409 0.947874933025 0.317550806626
-0.213000221165 -0.723745859647 0.656370959464
-0.2470419699 -0.733328170951 -0.633403551299
-0.711274255057 0.0274175212835 0.702379679105
0.113730038356 0.299490879523 0.947296517178
0.683771731094 0.529543157248 -0.50203611859
-0.805206990207 0.592970460279 0.00526651298244
0.807078687285 0.445001050767 0.388069655277
0.368095560872 -0.929783725187 -0.00280756903476
0.626054916323 -0.391623302466 0.674304405082
0.139817273511 -5.28866830056e-05 -0.990177321105
