-0.668956599283 -0.670709805621 0.320383246939
0.80331326083 -0.545412816543 -0.239191689917
0.251596402166 -0.315437431693 -0.914985506499
-0.514308132786 -0.642523333216 -0.568023688611
-0.448841465044 0.250379024209 -0.857817978066
0.193836054523 -0.93374445185 0.300913413804
-0.70192441225 0.291345137351 0.649938558965
-0.571506611228 0.815003771297 -0.095650646073
0.263018747348 0.473910557487 0.840374869952
0.390327377167 0.55724325697 -0.732887775308
0.304134871377 0.949678881178 0.0749133009331
-0.0865322061441 -0.352801874769 0.931688260342
-0.985136485499 0.0167450515341 -0.170955281253
0.750679030966 -0.249849012856 0.611601555952
0.943553850649 0.326605724229 -0.0550893077294
