0.0168869236565 -0.13681830833 0.99045221102
-0.159901242783 0.939865378234 0.301802358099
0.551862452641 0.8000497355 -0.235304598535
0.346185187993 -0.685404408702 -0.640606440919
-0.499259771664 -0.795681322215 -0.342973634376
-0.990850522148 -0.07469737984 -0.112407936569
-0.283626972129 0.767116023883 -0.575403116591
0.162555471663 -0.954550733185 0.249817165958
-0.49527294745 -0.0605529598848 -0.866624513023
0.575247078212 0.527801793096 0.624912846894
-0.613669549584 -0.587291465315 0.527729493853
0.359546513197 0.226562144144 -0.905204893761
0.767716044145 -0.349619639169 0.537008550648
0.961875377675 -0.00311439742119 -0.273470397576
-0.694970190549 0.302968977913 0.652093729974
