-0.417197662188 -0.304444414275 -0.856305850313
0.297891673972 -0.0764060845376 0.951536999188
-0.499231395591 0.816387669393 -0.290308778576
0.847988642384 0.362746709246 0.386432513278
0.391660645321 0.903497900726 -0.174050229216
-0.752699415768 0.439813926311 0.489905398751
0.0785985364799 0.748644406466 0.658296151234
0.843943141963 0.193690696169 -0.500243827899
-0.649814090477 -0.448364374804 0.613767900126
0.867470539732 -0.48939867349 0.0893521185199
-0.457462094577 -0.875069655293 -0.158055466246
0.152285194939 -0.848393205114 0.506989338073
0.425638852694 -0.582812525824 -0.692214653717
-0.976316155986 -0.136501745272 -0.167851235021
0.0715424161555 0.453778143007 -0.888238188562
