-0.673990342342 0.703775664831 0.224581459656
-0.629761235451 -0.692936283217 0.35105568465
-0.984331794164 -0.0467644787251 -0.170011771731
0.533883025187 0.547942086338 -0.643994088045
-0.537463860691 0.0591530573358 0.841209554308
0.878091632398 0.441922756159 0.183464881386
0.251098987311 0.497848408445 0.830118220966
0.719711967741 -0.346993892245 -0.601340105294
0.125895025398 -0.552456401094 0.823979591659
0.167582078734 0.984118866921 0.0585346278476
-0.0366336353116 -0.0551636704744 -0.99780506424
-0.355373591843 0.699738972879 -0.619737831712
0.843812066428 -0.454011630232 0.286102492413
0.161300270805 -0.986421349617 0.0309053985177
-0.475884166921 -0.695634357697 -0.538170140444
