0.784192441969 0.477004531243 -0.396873898275
0.101085399282 -0.409998739404 0.906467195071
0.354790070212 0.356411760664 0.864346379028
-0.33224776056 0.849739196343 0.409334488897
0.0810819424119 0.874325107981 -0.478519930795
-0.686020756403 0.665604523388 -0.293847137522
0.315937693197 -0.88695757141 -0.336882235411
-0.859848231857 -0.172652764106 -0.480470645534
-0.329358437694 0.272963367104 -0.90388827835
-0.955699337177 0.14061288937 0.258586140893
-0.626585371416 -0.526886635295 0.574265832063
0.457711596828 0.856723005045 0.23775152314
-0.467719491417 -0.872899625225 -0.138869440949
-0.217562130957 -0.523650906929 -0.823684676831
0.929924151236 0.158637848696 0.331775686132
0.419094724962 -0.0325380058459 -0.907359294703
0.892206489123 -0.320302756795 -0.318392406875
0.645852644666 -0.668823622395 0.368170237125
-0.437986547335 0.198688328062 0.876750097032
