0.749084383177 -0.337447719788 0.570089136268
-0.468327682522 -0.0698934523837 0.880786062048
-0.821450003431 -0.496569434237 0.280425906159
-0.245374861692 -0.0154949796757 -0.969304432495
-0.485721126785 0.863946318232 -0.132935120298
-0.220944856949 -0.975082644566 0.0199300389729
-0.263032844108 0.728556622164 0.632470529923
-0.844029046797 0.230053571637 -0.484448472327
0.817888105468 0.442392380392 0.367896763652
0.306276705182 0.951933931461 0.00404598514809
0.569324756907 -0.820404322475 -0.0529723403015
-0.890149833639 0.327426939315 0.316898837303
-0.649303349417 -0.553844768996 -0.521211216582
0.547123228618 0.0706621709052 -0.834064164384
0.28586526291 0.216791625999 0.933425113417
0.124147496526 -0.688159303424 -0.714859547196
0.0358350988486 -0.683536681741 0.729035973327
0.97496192118 -0.132350443699 -0.178696984593
0.0468599177489 0.695076986083 -0.717406531561
