-0.223171140695 0.144021002911 -0.964081216849
-0.36930178929 -0.606978624182 -0.703699607939
0.78578553971 -0.132337733677 0.604175313818
0.0864833039004 0.996241456618 0.0048578043152
-0.174638083295 -0.984500381471 -0.0161412126563
0.438860264606 -0.655736768573 -0.614337821147
0.570047481184 0.141596055912 -0.809318494875
0.771264994376 0.609898832356 -0.182136549711
0.967036364627 -0.177997548041 -0.182092126078
-0.836357006652 -0.537437265232 0.108019180536
-0.504000853677 0.722027355175 -0.473982740057
-0.882330444687 0.43488716108 0.179905929604
-0.866905861553 -0.00413682835567 -0.498454725984
0.104720796877 0.0640170820869 0.992439100349
0.584865343063 -0.79073670854 0.18074287884
0.514000505783 0.628497302385 0.583776173674
-0.652344456406 -0.0865133147815 0.752968894817
-0.0919081152191 -0.678936094743 0.728422046352
-0.287810668285 0.689704614077 0.6644340182
