0.0265524682058 -0.788259276245 -0.614770103247
0.104625795585 -0.00439043604827 -0.994501969314
-0.596009629121 0.791716676114 -0.134004577376
0.708216792752 -0.36367742501 -0.605117926525
-0.752352018617 -0.553042766843 0.357924766014
-0.628762633202 0.2113903388 -0.74831255218
0.998109637045 -0.0173030470874 0.0589725105354
-0.105308938297 -0.982556558646 0.153273078449
0.0595619020409 0.264038083288 0.962671423903
-0.120019252721 -0.510799706977 0.851280822249
0.160499142309 0.985587940342 0.0534456468887
0.631050877849 -0.251741194762 0.733758243855
0.659934881367 -0.744599511013 0.100287190379
0.718330669626 0.43690963083 -0.5413972881
-0.994080938142 0.100299654588 -0.0417500624123
-0.0163572206156 0.727264506154 -0.68616235646
0.65812446994 0.552481751548 0.511503759783
-0.693612290715 0.171383267164 0.699664037882
-0.71700021875 -0.53677451442 -0.444728914038
