0.318772617415 0.421412812984 -0.848996619215
-0.690866229991 0.427131712752 0.583320111277
0.623683622948 -0.186505441314 0.75910108604
-0.710164624005 -0.510156211687 -0.485187434389
-0.130219913515 -0.232574301422 -0.963821543877
0.905708634854 0.27408049963 -0.323375553303
0.612865663215 -0.371549154474 -0.697385764596
0.406899160275 0.890210420139 -0.20483769488
0.0139603201762 -0.867927622328 -0.496494463071
-0.935420043322 -0.256360193882 0.243451830027
-0.892756626422 0.26131840495 -0.367012666286
-0.0488194286774 0.889380045557 0.454554504926
-0.439361491183 -0.881821508166 0.171325152274
0.32124338128 -0.847808827486 0.421927579118
0.681502023274 0.559509278997 0.4717036771
-0.00215160530357 0.271118441758 0.962543589212
0.898704570197 -0.435842423189 0.0486978198261
-0.391942578375 0.879547833662 -0.269771428354
-0.255205786849 -0.479440167153 0.839647028506
