-0.972789873451 -0.195738400641 -0.123961044791
-0.563348703854 -0.123185034471 -0.816984507288
0.425015723954 -0.887655456423 -0.177283459674
0.697027241389 -0.522887153871 0.490654714721
-0.373493975697 0.338502458717 0.863665638752
-0.0279108467383 0.891023244634 -0.453098843694
0.126613228654 0.27509653248 -0.953043014846
-0.4826395334 -0.793884955801 -0.369872623686
0.433932671982 0.349930689748 0.830211387876
0.859426785269 -0.248664971743 -0.446711688441
-0.406770804706 0.875561401148 0.260633354077
-0.153688776335 -0.909407687843 0.386467873594
-0.698703131264 -0.359574610278 0.618482040164
-0.750696107624 0.535517797101 -0.386879881859
0.416722573718 0.881576028366 0.221734081199
0.952944148935 0.197915659864 0.229623257951
0.137474184318 -0.525068738153 -0.839883128096
0.703002271524 0.546135323999 -0.455548037107
0.0446686214262 -0.350479499581 0.935504588248
