-0.879324575649 -0.0473489700707 0.473863235219
-0.704893048091 -0.708073912741 0.0419180730571
0.374954531134 0.221034659958 -0.90030704689
0.510744770607 -0.278871848401 0.813246746976
-0.140486498615 -0.762918218415 0.631046223123
0.297931087884 0.545296150926 0.7835108006
-0.6713787255 0.716322543059 -0.190085826016
0.72502724524 -0.674062605108 0.141333287143
0.0326200926949 -0.990955529904 -0.130165538083
-0.426243391982 0.315334631735 -0.847868292142
0.9064099657 0.246427712012 0.343066111459
-0.445473067776 -0.544628163191 -0.710587017715
-0.481110400437 0.64612965456 0.592494094561
-0.942765933063 -0.0318954782227 -0.331926307974
0.916055532338 -0.0951232916784 -0.389607265144
0.673380418736 0.674975099729 -0.301608067546
-0.241387004106 -0.0273309478788 0.970043985362
0.362185890543 -0.570631486114 -0.737021768842
0.0372839096448 0.996075025484 0.0802773547637
