0.171415946011 -0.489102265843 0.855216666699
-0.684668870295 0.682164417212 -0.256671474727
0.755068888092 -0.575425255961 0.314255865559
-0.22233134233 0.8550583848 0.468448431315
-0.606193587607 -0.397220957252 0.689017304183
-0.829006109557 0.33322181376 0.449123694711
0.665776735019 0.718681664222 0.200594129075
-0.655103637909 -0.163991078413 -0.737527050216
0.664008152086 -0.572474566456 -0.481005243967
0.581815014844 0.476994439596 -0.658762167324
0.0657632372232 0.960354829676 -0.270912896976
0.108198734378 -0.254148232878 -0.961094017047
-0.178402617058 0.223465573719 0.95824612892
-0.826042799206 -0.560047935555 -0.0632424205727
0.684353392387 0.11052125147 0.720725667159
-0.194015199611 0.479554634513 -0.855795217816
0.0393406514428 -0.972207531143 0.230791744939
-0.220985695885 -0.82969070093 -0.51261941341
0.991832365236 0.0584797663282 -0.113352001306
