-0.10875884737 -0.441149404634 -0.890819126372
0.0341793015412 0.261080487849 0.964711746695
0.342996727405 0.886599865437 0.310312622361
0.354356067708 0.794645989054 -0.492919394384
-0.676863162144 -0.0474997673037 0.73457472856
-0.435018996668 0.849041436471 -0.299811793785
-0.427464666849 0.745706814867 0.511072700167
0.756636474754 0.255905135029 0.601675832104
-0.185464291489 0.36345754653 -0.912963092602
-0.28189794961 -0.922272986956 -0.264473218943
-0.946627124362 0.315811199938 0.0645009567008
0.930015466526 0.317156537418 -0.185695887935
0.546768032782 0.0290955802847 -0.836778444712
0.896768422387 -0.41036729868 0.165544787851
0.400357493629 -0.441440775445 0.803021742588
0.488176804392 -0.752090360089 -0.442767995586
-0.783507714692 -0.0916084644481 -0.614592182068
-0.868340880887 -0.488696670664 0.0846148844026
-0.27298615214 -0.799736596493 0.534696116471
