-0.20983272293 1.5171021132 -0.255564452293 -0.20983272293 1.5171021132 -0.255564452293
-0.159158084396 -0.45264471203 -1.02110465974 -0.159158084396 -0.45264471203 -1.02110465974
-0.122124247159 0.481381875144 -3.08352930878 -0.222846755846 0.442272004421 -2.94752599584
2.04548104388 0.808031819996 4.6941059361 2.04548104388 0.808031819996 4.6941059361
-0.648527331503 0.3617655344 4.86628818427 -0.648527331503 0.3617655344 4.86628818427
0.186699649229 -0.24745614242 -0.908846355716 0.220211509716 0.126441960387 -0.914529076449
-0.161764379068 -0.155687348267 -0.0292845270011 0.05432602703 0.0192946698012 -0.0403594671613
-0.238319272807 -0.446343871012 -1.53530303975 -0.159617934014 0.12640747108 -2.11440912252
0.05432602703 0.0192946698012 -0.0403594671613 0.095395567492 0.000519633531085 0.188302748301
-1.03670199708 0.726784766219 -2.77522128932 -1.03670199708 0.726784766219 -2.77522128932
-0.335924754151 -0.152658876703 -3.70686992367 -0.395722587422 0.137938377248 -3.85105398283
-0.46905746813 0.883718711862 4.09135984559 -0.46905746813 0.883718711862 4.09135984559
-0.383387885762 0.132937151318 6.82007699354 -0.383387885762 0.132937151318 6.82007699354
-0.19237925525 0.192733565048 0.145458901805 -0.471240699643 -0.0181136380417 0.199377811365
-0.0427756380295 0.958572840457 -1.37291314506 -0.0427756380295 0.958572840457 -1.37291314506
0.0108836706508 -0.115881672124 -0.516576940253 -0.230418966957 -0.159431918886 -0.399116587176
-0.219141343981 -0.0704640487924 0.858149666883 -0.351571455273 -0.30324464997 0.969434948841
0.0111664273774 -1.45292656038 1.94210478429 0.0111664273774 -1.45292656038 1.94210478429
0.524383004179 0.0639019546024 0.310862772794 0.662157026866 -0.162786544619 0.508031350915
-0.0482377364801 -0.076018960897 -1.31718847188 -0.471825881398 0.206623225103 -1.28069311341
-0.264507399585 0.811904728108 0.595392800741 -0.264507399585 0.811904728108 0.595392800741
0.732512361423 0.174754271412 -3.45222193897 0.732512361423 0.174754271412 -3.45222193897
-0.327440607699 0.0492724004635 -0.0358860185305 -0.231778674134 0.164476412298 -0.192039145525
-0.987176415372 -0.683359029205 -0.20603717968 -0.574059581567 -0.313586714732 0.328011796522
0.561128685032 0.628605878787 1.61183270383 0.561128685032 0.628605878787 1.61183270383
1.91566260178 -0.011831832287 -1.77127810473 1.91566260178 -0.011831832287 -1.77127810473
-0.119996566695 0.289759182952 0.962442502747 -0.328705897928 0.121133679431 1.34708463724
0.0492875450493 0.126157770703 -0.666621221613 0.23076065622 -0.226733365875 -0.503511985663
0.00284415862041 0.0232698356188 -1.75597839462 -0.0954968059238 0.277629822384 -2.07127796344
-0.292998262162 -0.157372702091 -0.306316193596 -0.186015129947 -0.188255166033 -0.641358507908
0.277817237254 0.250714701165 -0.21328232669 -0.19237925525 0.192733565048 0.145458901805
-0.196600867836 -0.280010294104 -1.23686795913 -0.196600867836 -0.280010294104 -1.23686795913
-0.541494782793 0.296321584067 -2.49095109834 -0.36900540103 0.00292510434167 -2.4803817789
0.672414172904 0.0646364795943 -0.825213317061 0.672414172904 0.0646364795943 -0.825213317061
-0.785010049378 -0.533348363014 0.104380563253 -0.785010049378 -0.533348363014 0.104380563253
-0.64146781607 0.377546112492 1.19349139433 -0.04951960598 0.402532858225 0.822960533399
0.272579960075 0.124397116797 -0.707627619733 -0.0619221470919 0.0358112493691 -0.717007154679
-0.548993188249 -0.426718395691 -1.50042721383 -0.382905032993 -0.506181888144 -1.79578471156
-0.287056639044 -0.109938129722 0.432110102688 -0.380777779725 -0.331856950944 0.355819413269
0.290886281574 1.08839410303 -3.17525798405 0.290886281574 1.08839410303 -3.17525798405
-0.266645975743 -0.38449258074 -0.273262584813 -0.167748682683 -0.295868939476 -0.187665684799
-0.344023284108 -0.689616419321 -0.719872288423 -0.344023284108 -0.689616419321 -0.719872288423
-0.215284193248 0.0787368261236 -0.507346601019 -0.53187125383 0.276891484155 0.0614771764193
-0.54155648453 0.386126328172 -3.01757150901 -0.54155648453 0.386126328172 -3.01757150901
0.44658375178 0.271363625426 0.630103532294 0.0459345249295 -0.31988454859 0.732166519185
-0.444842830901 0.868986265347 -1.92772002282 -0.273737064636 0.491841715384 -2.11092548006
-0.514592606446 0.96497622962 -1.38781922429 0.078944255245 0.373708663374 -0.854301434731
0.0271868706621 0.0635148315782 -1.09723046655 0.0772616225232 0.445623962559 -0.726956182134
-0.607672620414 0.371443963242 0.0953988531974 -0.825523178858 0.24591089776 -0.155602101223
-0.818761204553 0.252749692417 -0.955560773226 -0.543962735319 0.434476290202 -1.1445347646
-0.325388217143 0.212596417265 -6.87695263295 -0.325388217143 0.212596417265 -6.87695263295
-0.368393838066 0.208311816515 -0.405864265015 -0.0124098092215 0.0703942882351 -0.237861415222
0.0613060617111 0.522909917864 -0.588567494257 0.219355987336 0.5595883054 -0.766042912138
-0.425747720905 -0.397714820461 -0.644126722537 -0.229367912065 -0.350097563187 -1.30270904786
0.381581845265 0.217545328587 -2.18111459602 0.381581845265 0.217545328587 -2.18111459602
0.58758858444 -0.228365919118 0.559441677776 0.580052158485 0.0894237492857 0.274028280844
-0.642764185839 0.211530854149 0.479374864208 -0.435900430873 0.0351370740642 0.447543883717
-0.983228030329 0.167455232126 -0.517478460189 -0.811193485086 0.00279813676669 -0.916807492795
-0.440578914523 0.435174958235 -0.437871757765 -0.101530788554 0.482512721226 -0.261156203234
0.245011150671 0.306436134732 -1.14833863335 0.202851946794 0.182547903505 -0.97862351378
0.287991717369 -0.0576126059475 -0.18341574387 0.343287340476 -0.163019158847 -0.529745453251
-0.0196500570731 -0.532092449618 0.763268461766 0.257034612785 -0.384211265814 0.788961457692
0.272016840735 0.423477246337 0.172850173219 0.658185337675 0.617619226531 0.0485124368816
-0.02272205578 0.447647320688 0.547550997377 0.307651035782 0.190896728203 0.553418694872
0.505243089401 0.417000192139 0.332732133645 0.241448696188 0.54244499166 0.611805930519
0.269214425164 -0.614381685149 0.250468916388 -0.344555194436 -0.257201623496 0.301986900147
0.191266479281 -0.0296559398224 -0.66279543015 0.106795306177 0.166420623346 -0.888709855903
0.0350161298875 -0.797812485703 6.71020049499 0.0350161298875 -0.797812485703 6.71020049499
-0.67857108641 0.180882179232 0.151431468387 -0.67857108641 0.180882179232 0.151431468387
1.22702371578 -0.471920146778 4.89102515227 1.22702371578 -0.471920146778 4.89102515227
-0.186012626107 -0.12981246741 -0.297838813968 0.226763746857 0.113971331474 -0.329980359714
-0.456195110115 -0.402382327208 -0.186846907825 0.0327215970551 -0.378200203943 -0.123846600671
-0.232663093845 0.167620525205 -0.450799274564 -0.0469506027507 0.227331672042 -0.556225717754
0.662157026866 -0.162786544619 0.508031350915 0.918993818885 -0.013716004927 0.490069114459
0.606060631751 0.118377533842 -0.364935851769 0.408994691143 0.171941642735 0.33616358359
0.432705226186 -0.619500021511 2.1394774899 0.432705226186 -0.619500021511 2.1394774899
0.614615760653 -1.16704307713 1.17403222463 0.614615760653 -1.16704307713 1.17403222463
0.153491828278 -0.0182078584392 0.903503656159 -0.172109514769 0.279281439541 1.18542607932
0.421131317208 0.159664575574 -0.275903435692 0.165677253887 -0.253722933512 0.0430884812047
0.27669524398 -1.05574561574 -0.562334520275 0.27669524398 -1.05574561574 -0.562334520275
-0.881079765757 -0.223959431832 0.0717565452974 -0.372384085264 -0.22380886289 0.208463546317
-0.0826216879907 0.434117802976 -0.841718160943 0.0931993274322 0.467812016729 -0.805782253792
0.311891543235 -0.0837003356018 -4.80596992017 0.311891543235 -0.0837003356018 -4.80596992017
-0.229367912065 -0.350097563187 -1.30270904786 -0.0237442254064 -0.291756341332 -1.6539881942
0.095395567492 0.000519633531085 0.188302748301 0.505243089401 0.417000192139 0.332732133645
0.270400847315 -0.00359464774909 -0.566499234448 -0.00671528363666 0.190591768669 -0.785105777802
-0.214707892817 -0.923943020968 -4.77493806332 -0.214707892817 -0.923943020968 -4.77493806332
0.0480887543269 0.00151910392563 -0.742569221652 0.584227589554 0.182169109964 -0.428596900941
0.0391248945676 -0.124586593257 -0.576033859798 0.0480887543269 0.00151910392563 -0.742569221652
0.681381137736 -0.557843516151 -0.375342390643 0.50380977195 -0.227498420678 -0.301649324753
-0.367376422022 0.205277920015 -2.02574075773 -0.444842830901 0.868986265347 -1.92772002282
-0.0412730430889 -0.426375353925 -1.15804105777 -0.0739162534971 -0.141442094195 -1.51070068796
-0.36900540103 0.00292510434167 -2.4803817789 -0.541494782793 0.296321584067 -2.49095109834
0.0228343722776 -0.0144439484139 -1.2327637378 -0.238319272807 -0.446343871012 -1.53530303975
-0.0372420969212 -0.0640821631301 -2.40260164452 0.659137713216 -0.165753253699 -2.55063640868
-0.285048831506 -1.40686050736 -1.48188041015 -0.285048831506 -1.40686050736 -1.48188041015
0.369873713052 -0.696045208213 -0.399695514079 -0.133484525899 -0.700095352386 -0.35040492937
-0.537293105322 -0.359755010055 -10.0200674721 -0.537293105322 -0.359755010055 -10.0200674721
-2.64100957687 0.0667569160408 -1.17328880013 -2.64100957687 0.0667569160408 -1.17328880013
-0.056579838803 -0.362416656296 0.357163827005 -0.13667455661 -0.198585697011 -0.118311996445
-1.1083299969 1.88307197392 4.23047958941 -1.1083299969 1.88307197392 4.23047958941
0.078944255245 0.373708663374 -0.854301434731 -0.202175132387 0.124574073178 -0.458873831713
-0.171382190316 0.0617636848339 -2.25704929675 -0.367376422022 0.205277920015 -2.02574075773
0.003839617136 0.424167991265 -1.00857171793 0.406505914082 0.0665891134514 -1.31837580413
0.337839231546 0.0227578773387 -1.25119196309 -0.0262249417331 0.225393040478 -0.893346200411
1.32999217637 0.397439931248 1.36015360305 1.32999217637 0.397439931248 1.36015360305
0.126051036926 0.110831895402 -0.534276209271 0.0427930349108 0.024154606062 -0.487101195773
-0.519074449869 -0.70667677514 -1.35103051782 -0.519074449869 -0.70667677514 -1.35103051782
-0.0739162534971 -0.141442094195 -1.51070068796 0.178379936426 -0.0958315532497 -0.824773336854
0.261553339258 0.794851423442 -2.67830036051 0.261553339258 0.794851423442 -2.67830036051
-0.450700602999 0.300660991386 -0.873762566773 -0.450700602999 0.300660991386 -0.873762566773
0.281249287142 0.871430973152 1.98413711634 0.281249287142 0.871430973152 1.98413711634
-0.317344418554 -0.0414678474156 -1.26883670486 -0.548993188249 -0.426718395691 -1.50042721383
0.458600168459 0.0981506751603 0.107640989507 0.143427279353 0.0368867181403 0.090464321277
0.220911570716 0.525579515764 -0.573982353983 0.245011150671 0.306436134732 -1.14833863335
-0.142750737205 0.206955944639 -0.189975304385 -0.106283140946 -0.000670176395501 -0.550245492147
0.178379936426 -0.0958315532497 -0.824773336854 0.270400847315 -0.00359464774909 -0.566499234448
-0.159617934014 0.12640747108 -2.11440912252 -0.110652889899 0.0379970601845 -1.96058515023
-0.522384998853 -0.165813399442 0.0324766190443 -0.232663093845 0.167620525205 -0.450799274564
-0.0996910730019 -0.444881520036 -0.250671723651 0.286470158529 -0.202832163354 -0.174682563563
-0.108449022001 0.409313205481 -0.695354739439 -0.607672620414 0.371443963242 0.0953988531974
-0.466949381932 -0.565935256115 -2.37002127466 -0.466949381932 -0.565935256115 -2.37002127466
1.04292961901 -0.729019804002 1.90224694734 1.04292961901 -0.729019804002 1.90224694734
-0.45213870412 -0.0497003743227 5.40545649787 -0.45213870412 -0.0497003743227 5.40545649787
0.274353177827 0.321979100526 -0.582771976997 0.0613060617111 0.522909917864 -0.588567494257
0.068867909923 -0.989484456005 -1.29294707196 0.068867909923 -0.989484456005 -1.29294707196
-0.0721614427596 0.407921442494 -0.822616777962 -0.524501589815 -0.154782379119 -0.550186054702
-0.528031806296 -0.0765661250374 0.224237111656 -0.215284193248 0.0787368261236 -0.507346601019
0.457660955707 -0.472694432919 -0.654302666531 0.457660955707 -0.472694432919 -0.654302666531
-0.284927436807 -0.398367401586 -1.02546707151 -0.425747720905 -0.397714820461 -0.644126722537
0.226763746857 0.113971331474 -0.329980359714 0.436754718873 0.463304410488 -0.167539660239
-0.231778674134 0.164476412298 -0.192039145525 -0.626509377453 0.0180492335736 -0.0942287696058
0.689423726501 -0.413630919709 -1.02554286009 0.260902536968 -0.618994496004 -0.622053347603
0.280314381209 -0.393760808518 0.335783107994 0.259795383298 0.0808277186984 0.500056473891
0.253447174139 -0.109692513735 2.7911284005 0.253447174139 -0.109692513735 2.7911284005
-0.349373895221 0.0463495234935 0.597133535305 -0.48772597668 -0.229013405332 0.427073366352
0.115845285462 0.208442480539 -0.83001687355 -0.170818733236 0.624807968422 -1.35989669725
0.548709049726 -0.171118121455 -1.92311648069 0.548709049726 -0.171118121455 -1.92311648069
1.461534413 0.646473226125 1.65619314935 1.461534413 0.646473226125 1.65619314935
1.55762283094 -0.258176804902 3.39607237544 1.55762283094 -0.258176804902 3.39607237544
-0.227820929791 -0.145788653566 -0.564497986504 -0.561135629101 -0.117946377114 -0.677218477819
0.947106623104 1.53406209539 -5.72501156095 0.947106623104 1.53406209539 -5.72501156095
0.42607562485 0.766144299522 0.41576938748 0.44658375178 0.271363625426 0.630103532294
0.483560591039 -0.494191233703 -1.14760389782 0.736369271108 -0.661015860522 -1.23775508607
-0.151271527866 0.334040130395 -0.282470362521 -0.424689754917 0.14863778731 -0.660428813867
-0.543962735319 0.434476290202 -1.1445347646 0.191266479281 -0.0296559398224 -0.66279543015
0.739450652647 0.371798128309 1.14203097692 0.739450652647 0.371798128309 1.14203097692
-0.221207594108 0.0864266894426 0.458666564465 -0.588771029714 -0.000223528378705 0.204025298944
0.470052821652 -0.553383817017 -0.403900347424 0.389682960282 -0.176286186091 -0.669441770532
-0.226633583294 0.215049628993 -0.910422295867 -0.433674398226 0.431177463 -0.556022691288
-0.292899661875 0.432013797874 0.261012807167 -0.675792318681 0.115366206079 0.108076538118
-0.433674398226 0.431177463 -0.556022691288 -0.172035165853 0.233507977897 -0.727400291375
0.729320410157 -1.03053792958 -0.443373938382 0.470052821652 -0.553383817017 -0.403900347424
-0.386245608526 -0.596722175311 -0.938578790665 -0.0225723435221 -0.254640687395 -1.50835213977
-0.395722587422 0.137938377248 -3.85105398283 -0.335924754151 -0.152658876703 -3.70686992367
0.0772616225232 0.445623962559 -0.726956182134 0.421131317208 0.159664575574 -0.275903435692
0.255613242992 -0.273488560591 0.310023322709 -0.12753902042 -0.253284072165 0.195399448898
-0.468304205565 -1.16728403413 -3.07916711274 -0.468304205565 -1.16728403413 -3.07916711274
-0.186689655253 -0.400735708462 -0.221824070024 -0.341148129671 -0.421670824787 -0.680367471862
-0.0680946726185 0.547436408039 -0.542660105258 -0.0680946726185 0.547436408039 -0.542660105258
-0.133484525899 -0.700095352386 -0.35040492937 -0.186689655253 -0.400735708462 -0.221824070024
-0.524501589815 -0.154782379119 -0.550186054702 -0.543344005982 -0.456330835321 -0.470865447968
-0.00671528363666 0.190591768669 -0.785105777802 -0.108449022001 0.409313205481 -0.695354739439
-0.119494625696 -0.485665015135 0.0132645664118 0.381360715046 -0.476591233524 -0.05725723729
0.56163302326 0.971522972334 5.33359716001 0.56163302326 0.971522972334 5.33359716001
0.34300748381 -0.540523555279 -0.15618905851 0.117409072421 -0.228733684017 -0.349217144903
-0.0262249417331 0.225393040478 -0.893346200411 0.220911570716 0.525579515764 -0.573982353983
-0.502937123255 0.174303308046 -2.80452396676 -0.502937123255 0.174303308046 -2.80452396676
-0.0464720931804 -0.705707107488 -0.334870920002 -0.223314978471 -0.389166501662 0.0452128520107
0.615174215964 -0.0472232477554 0.0432996963604 0.615174215964 -0.0472232477554 0.0432996963604
-0.436474120528 -0.149178463035 1.78974341886 -0.436474120528 -0.149178463035 1.78974341886
-0.604911502586 -0.00309398918438 -0.431534809314 -0.440578914523 0.435174958235 -0.437871757765
-0.811193485086 0.00279813676669 -0.916807492795 -0.818761204553 0.252749692417 -0.955560773226
0.0327215970551 -0.378200203943 -0.123846600671 -0.528031806296 -0.0765661250374 0.224237111656
-0.0608346019392 0.388313424836 -0.348733131947 -0.188235120344 0.230561638302 -0.275082549579
-0.385481355843 -0.295491803375 -0.04192138877 0.0247837095749 -0.166914285026 -0.386993923644
0.668595192224 -0.285501525899 -0.448743531425 0.363672024649 0.0667717420661 -0.274639458176
0.117581623678 0.319070299119 -1.52627282566 -0.323607084331 0.13034494094 -1.46045537993
-0.336529520707 -0.428608289689 0.411272200035 -0.287056639044 -0.109938129722 0.432110102688
-0.04951960598 0.402532858225 0.822960533399 -0.119996566695 0.289759182952 0.962442502747
1.28653263865 -0.369342146357 6.05540417589 1.28653263865 -0.369342146357 6.05540417589
-0.376313174393 0.625345160073 2.99201141659 -0.376313174393 0.625345160073 2.99201141659
-0.2725554768 0.0671908233416 0.263409062438 -0.151271527866 0.334040130395 -0.282470362521
-0.0934605483693 -0.658210129162 1.75299815565 -0.0934605483693 -0.658210129162 1.75299815565
0.721090417207 0.126432422042 6.44743641336 0.721090417207 0.126432422042 6.44743641336
-0.172035165853 0.233507977897 -0.727400291375 0.0391248945676 -0.124586593257 -0.576033859798
0.220211509716 0.126441960387 -0.914529076449 0.0271868706621 0.0635148315782 -1.09723046655
0.143427279353 0.0368867181403 0.090464321277 0.730474165532 0.0787750478985 0.0991562352357
0.580052158485 0.0894237492857 0.274028280844 0.458600168459 0.0981506751603 0.107640989507
0.787381312266 0.897182518738 1.90973790799 0.787381312266 0.897182518738 1.90973790799
0.601918021452 -0.296275097641 2.17531988324 0.601918021452 -0.296275097641 2.17531988324
-1.13163330665 0.947024347443 4.4696092981 -1.13163330665 0.947024347443 4.4696092981
-0.011801692759 0.718964890592 -0.53309607548 -0.254265450627 0.444007856211 -0.97843529509
0.187335285326 1.18901047816 -3.65675059205 0.187335285326 1.18901047816 -3.65675059205
-0.0106108044309 -0.140261872213 -0.331977084134 0.225527853964 -0.150146679378 -0.730326142457
0.918993818885 -0.013716004927 0.490069114459 0.58758858444 -0.228365919118 0.559441677776
-0.266539023705 -0.386375803763 2.09692566673 -0.266539023705 -0.386375803763 2.09692566673
-0.30079502289 0.0359302110578 -1.37560655029 -0.317344418554 -0.0414678474156 -1.26883670486
-0.750609069476 -0.443849510449 -0.831325384501 -0.750609069476 -0.443849510449 -0.831325384501
0.106795306177 0.166420623346 -0.888709855903 -0.0826216879907 0.434117802976 -0.841718160943
-0.442867236888 -1.00460599633 -0.229388704964 -0.442867236888 -1.00460599633 -0.229388704964
-0.36632220483 0.225766081831 0.32651931342 -0.642764185839 0.211530854149 0.479374864208
0.221380392203 0.0333912500667 0.950108952848 0.153491828278 -0.0182078584392 0.903503656159
0.122538315104 -0.880091535175 -1.84906009931 0.122538315104 -0.880091535175 -1.84906009931
0.0459345249295 -0.31988454859 0.732166519185 -0.27946569171 -0.200139921874 0.379145855012
-0.568631906309 0.829272603313 0.988926844215 -0.568631906309 0.829272603313 0.988926844215
-0.0732999416863 -1.01093816437 -0.57095549329 -0.0732999416863 -1.01093816437 -0.57095549329
-0.203837070579 -0.27114353874 -0.261039696071 0.136038973447 -0.190239855862 -0.375036404236
0.234006435126 -0.296434786996 -0.207099232998 0.668595192224 -0.285501525899 -0.448743531425
0.840201498475 -0.394962798623 -0.706986007995 0.731942438368 -0.481710463685 -0.446854187657
1.60309630527 -0.0559299647092 1.11278196219 1.60309630527 -0.0559299647092 1.11278196219
0.381360715046 -0.476591233524 -0.05725723729 0.34300748381 -0.540523555279 -0.15618905851
0.0294491505462 -0.260197408387 -1.46724399161 -0.0482377364801 -0.076018960897 -1.31718847188
0.948401726378 -0.606009764832 1.89303436913 0.948401726378 -0.606009764832 1.89303436913
1.18474090673 -0.964404343771 1.582931321 1.18474090673 -0.964404343771 1.582931321
0.491421699662 -0.248268560443 -1.16143098229 0.21620006708 0.0196712003406 -0.993943264815
0.306406022448 -0.124773898827 -0.179406201982 -0.056579838803 -0.362416656296 0.357163827005
0.0957993993724 0.226599569029 1.00690962259 -0.189532665275 -0.281646768038 0.756639124999
0.680852601084 -0.454857935654 -3.39931969095 0.680852601084 -0.454857935654 -3.39931969095
0.0479943142089 -0.379973003436 2.87554058041 0.0479943142089 -0.379973003436 2.87554058041
0.668301777381 -2.12331716857 -1.91860237973 0.668301777381 -2.12331716857 -1.91860237973
0.559918637276 0.444093824015 -3.36294021269 0.559918637276 0.444093824015 -3.36294021269
-0.0582214318116 0.364773476007 3.15487136239 -0.0582214318116 0.364773476007 3.15487136239
-0.27946569171 -0.200139921874 0.379145855012 -0.150891222786 0.261573057933 0.209140746166
-0.825523178858 0.24591089776 -0.155602101223 -0.983228030329 0.167455232126 -0.517478460189
0.395771946311 1.67256267542 3.30420282382 0.395771946311 1.67256267542 3.30420282382
-0.543344005982 -0.456330835321 -0.470865447968 -0.317970849442 -0.534558600438 -0.57468644681
0.0425567373868 -0.396527884765 -1.49135483416 0.0228343722776 -0.0144439484139 -1.2327637378
-0.336056188647 0.470468126047 -2.68100100242 -0.336056188647 0.470468126047 -2.68100100242
0.802745071612 0.0124207958456 -0.630804023291 0.483560591039 -0.494191233703 -1.14760389782
-0.235465409876 0.00809162146446 -0.002922373915 -0.610404412585 0.283529918072 0.300826691186
-0.274176783593 0.120422413898 -0.715395284755 -0.158999580111 0.317547585208 -0.927158386118
-0.0670632051688 0.0780384000404 2.6265129191 -0.0670632051688 0.0780384000404 2.6265129191
0.730474165532 0.0787750478985 0.0991562352357 0.272016840735 0.423477246337 0.172850173219
-0.383653780771 0.0366281274035 -0.286559161824 -0.661018417876 -0.122100716629 -0.930337425405
-0.150181165679 -0.945192766247 3.93615540062 -0.150181165679 -0.945192766247 3.93615540062
0.231248213757 0.211824746388 2.73024013034 0.318227816299 0.131332288699 2.6316407712
0.667482330764 0.897791449993 1.01328434675 0.842974790122 0.672278664102 0.607806639319
0.105923963984 -0.0197975568907 0.179313167885 -0.0928349974716 -0.21916667046 -0.22549661912
-0.48772597668 -0.229013405332 0.427073366352 -0.336529520707 -0.428608289689 0.411272200035
0.0347912363506 -0.482697444634 -0.0813407158967 0.0558226425138 -0.338101852026 -0.0314822760719
-0.464167803777 -0.287768170865 -0.955222337569 -0.386245608526 -0.596722175311 -0.938578790665
-0.424689754917 0.14863778731 -0.660428813867 0.115845285462 0.208442480539 -0.83001687355
-0.16658847123 -0.0110760744265 -1.32029098975 0.117581623678 0.319070299119 -1.52627282566
0.506433754909 -0.362300708868 0.850290302413 0.687466738542 -0.444451553508 1.13234689176
-0.640933803689 -0.301113673144 -7.07400552491 -0.640933803689 -0.301113673144 -7.07400552491
0.510809511959 -0.154515068022 0.599468411717 0.240666303245 0.385482024333 0.731960448046
-0.189977871325 0.0697732059296 -0.129421427123 0.258937668642 0.294578069282 -0.254510773675
-0.170818733236 0.624807968422 -1.35989669725 -0.514592606446 0.96497622962 -1.38781922429
0.414921844629 -0.227765223977 -1.13441847191 0.387344246641 -0.109758333794 -1.32374086682
-0.364024090074 0.0132038200966 0.064271454527 -0.364024090074 0.0132038200966 0.064271454527
0.23076065622 -0.226733365875 -0.503511985663 0.0138923001059 -0.369015255139 -0.320779056322
-0.670544613884 0.240071679949 -0.451704436768 -0.670544613884 0.240071679949 -0.451704436768
0.667213500382 -0.283625461994 -3.92424005002 0.667213500382 -0.283625461994 -3.92424005002
0.260902536968 -0.618994496004 -0.622053347603 0.729320410157 -1.03053792958 -0.443373938382
-0.270686626344 0.368781206682 -0.462763271299 -0.270686626344 0.368781206682 -0.462763271299
-0.490173780011 0.169668687488 -0.79453904058 -0.0608346019392 0.388313424836 -0.348733131947
-0.675792318681 0.115366206079 0.108076538118 -0.537933640177 -0.595991779531 -0.129899043665
0.289431306112 0.310953350866 -0.106581669896 0.325938282402 0.0599756239718 -0.524442817991
-0.537933640177 -0.595991779531 -0.129899043665 -0.386329011995 -0.364214986189 -0.408000018128
-0.588771029714 -0.000223528378705 0.204025298944 -0.36632220483 0.225766081831 0.32651931342
0.928965662995 -0.707963729679 2.20423109561 0.928965662995 -0.707963729679 2.20423109561
-0.81227589317 -2.146748154 0.332259619454 -0.81227589317 -2.146748154 0.332259619454
-0.215460654663 -0.148231205735 1.0301638561 -0.0196500570731 -0.532092449618 0.763268461766
0.714615454883 -0.185910268502 -0.544276870142 0.287991717369 -0.0576126059475 -0.18341574387
0.241448696188 0.54244499166 0.611805930519 0.42607562485 0.766144299522 0.41576938748
0.157493125575 -0.586023791293 1.39603083091 0.157493125575 -0.586023791293 1.39603083091
0.68368786912 -0.0317628733499 0.1032086584 0.605342012367 -0.144619542596 0.127038372985
0.307651035782 0.190896728203 0.553418694872 0.221380392203 0.0333912500667 0.950108952848
-0.0198113144955 0.330742122859 -2.29619132728 -0.0198113144955 0.330742122859 -2.29619132728
-0.344555194436 -0.257201623496 0.301986900147 -0.15153205706 -0.273968734058 -0.350477873791
-0.0212580837762 -0.655437675148 -0.761724146519 0.414921844629 -0.227765223977 -1.13441847191
-0.0188301920237 0.330111644989 -0.123548271506 0.00594374231125 -0.0287826777383 -0.0140146783483
-0.870955467034 0.193251272709 2.58729852318 -0.870955467034 0.193251272709 2.58729852318
0.519003282231 -0.0214208599371 -0.0857838240133 0.840201498475 -0.394962798623 -0.706986007995
-0.782498271775 -0.988196695272 -2.59551654987 -0.782498271775 -0.988196695272 -2.59551654987
-0.538706228583 -1.01307566996 -1.38523727683 -0.0212580837762 -0.655437675148 -0.761724146519
0.578271386495 0.16753096577 1.90373705446 0.578271386495 0.16753096577 1.90373705446
-0.372384085264 -0.22380886289 0.208463546317 -0.438142822798 -0.242018595058 0.27242988031
-0.13667455661 -0.198585697011 -0.118311996445 -0.606446616875 -0.0259583921752 0.299063363239
-0.00770179305684 0.18695930021 -2.24892714239 -0.00770179305684 0.18695930021 -2.24892714239
0.816358456099 -0.394256611923 -2.18474976348 0.816358456099 -0.394256611923 -2.18474976348
0.651630431673 0.603233521751 -2.32125821576 0.651630431673 0.603233521751 -2.32125821576
-0.779139621957 0.662277856531 -0.947724446716 -0.779139621957 0.662277856531 -0.947724446716
0.0270994016896 -0.504853295563 -0.00754183194981 0.297943234951 -0.114470766819 0.0726933415647
0.256209950864 0.0975139779331 2.6990991969 0.161015577348 0.176067295933 2.04181123152
-0.172109514769 0.279281439541 1.18542607932 -0.64146781607 0.377546112492 1.19349139433
0.574865688171 0.795776728895 -0.041723309889 0.289431306112 0.310953350866 -0.106581669896
0.21620006708 0.0196712003406 -0.993943264815 0.0492875450493 0.126157770703 -0.666621221613
0.367075062183 0.0102154079606 2.16281985513 0.296636833314 -0.0485523925743 2.46503683811
-0.449388159574 0.831183532871 4.61618427353 -0.449388159574 0.831183532871 4.61618427353
0.258937668642 0.294578069282 -0.254510773675 0.105923963984 -0.0197975568907 0.179313167885
0.138718544049 0.00881065536785 -1.4784675721 0.00284415862041 0.0232698356188 -1.75597839462
-0.529323369325 1.1906318995 -1.57868637968 -0.529323369325 1.1906318995 -1.57868637968
0.286470158529 -0.202832163354 -0.174682563563 -0.142750737205 0.206955944639 -0.189975304385
-0.0928349974716 -0.21916667046 -0.22549661912 -0.189977871325 0.0697732059296 -0.129421427123
0.363672024649 0.0667717420661 -0.274639458176 -0.604911502586 -0.00309398918438 -0.431534809314
-0.89783150471 -0.0237159690282 1.76119983541 -0.89783150471 -0.0237159690282 1.76119983541
1.10466209513 0.419361232747 -2.29752537566 1.10466209513 0.419361232747 -2.29752537566
-0.241134763273 0.15063817839 -0.0729429556648 -0.0188301920237 0.330111644989 -0.123548271506
0.378337415927 -0.256960589338 0.412494186038 0.269214425164 -0.614381685149 0.250468916388
0.0640784708171 0.194708415934 0.235554024923 0.404512481283 0.173998705863 0.773404103891
-0.561135629101 -0.117946377114 -0.677218477819 -0.190378615395 -0.147591336256 -0.991070424568
-0.396290629437 0.2947899876 0.935309216449 -0.396290629437 0.2947899876 0.935309216449
-0.27483301817 -1.17452270004 6.69996804636 -0.27483301817 -1.17452270004 6.69996804636
0.398087496946 1.45594471074 -0.36711895366 0.398087496946 1.45594471074 -0.36711895366
-0.873589259191 1.04089815642 -0.438917051267 -0.873589259191 1.04089815642 -0.438917051267
-0.221204396944 -0.271699538285 0.0541742047553 0.681381137736 -0.557843516151 -0.375342390643
-0.116965111673 0.0484515842033 -1.34887543004 -0.116965111673 0.0484515842033 -1.34887543004
0.117409072421 -0.228733684017 -0.349217144903 -0.0464720931804 -0.705707107488 -0.334870920002
-0.113588654384 0.681531757766 2.64678581354 -0.113588654384 0.681531757766 2.64678581354
-0.275360329382 0.0951594622464 0.525276864374 -0.522384998853 -0.165813399442 0.0324766190443
1.15661269423 -0.358500624969 5.5223203124 1.15661269423 -0.358500624969 5.5223203124
0.846858866125 -0.705093844804 -2.31239016244 0.846858866125 -0.705093844804 -2.31239016244
0.584227589554 0.182169109964 -0.428596900941 0.68368786912 -0.0317628733499 0.1032086584
-0.176355085873 0.222063042462 0.00127079888174 -0.292998262162 -0.157372702091 -0.306316193596
0.736369271108 -0.661015860522 -1.23775508607 0.689423726501 -0.413630919709 -1.02554286009
0.404512481283 0.173998705863 0.773404103891 0.435346121812 -0.171271926986 0.277630179502
0.842974790122 0.672278664102 0.607806639319 0.667482330764 0.897791449993 1.01328434675
-0.566955818037 1.17551602919 0.044165414912 -0.292899661875 0.432013797874 0.261012807167
-0.167748682683 -0.295868939476 -0.187665684799 0.234006435126 -0.296434786996 -0.207099232998
-0.840134695836 0.258639926794 -0.859780356418 -0.840134695836 0.258639926794 -0.859780356418
0.0585624101822 0.371687499919 3.9054760688 0.0585624101822 0.371687499919 3.9054760688
0.0733462071918 0.522965837559 -2.39722371851 0.0733462071918 0.522965837559 -2.39722371851
0.826186030453 0.270259503019 -0.454115678117 0.272579960075 0.124397116797 -0.707627619733
0.658185337675 0.617619226531 0.0485124368816 0.574865688171 0.795776728895 -0.041723309889
-0.0137733148868 1.4679886066 -1.30848756445 -0.0137733148868 1.4679886066 -1.30848756445
0.0427930349108 0.024154606062 -0.487101195773 0.306406022448 -0.124773898827 -0.179406201982
-0.606446616875 -0.0259583921752 0.299063363239 -0.161764379068 -0.155687348267 -0.0292845270011
-0.0355613540565 -0.175177740319 -1.62493867388 0.337839231546 0.0227578773387 -1.25119196309
0.731942438368 -0.481710463685 -0.446854187657 0.369873713052 -0.696045208213 -0.399695514079
-0.580973037335 0.290963019107 -4.63005129497 -0.580973037335 0.290963019107 -4.63005129497
0.229856149254 -0.283557223263 0.854311744801 0.439422282442 -0.0549049061972 0.425790929769
-0.0469506027507 0.227331672042 -0.556225717754 -0.0106108044309 -0.140261872213 -0.331977084134
0.325938282402 0.0599756239718 -0.524442817991 0.802745071612 0.0124207958456 -0.630804023291
0.0803920048435 0.506712697433 -0.0964040288341 0.274353177827 0.321979100526 -0.582771976997
-0.174204974694 -1.22228494303 2.11692714773 -0.174204974694 -1.22228494303 2.11692714773
0.23903348917 -0.0862731864166 -0.350942754073 0.587399200911 -0.103946123174 -0.532729605941
-0.0271362906697 -0.0839744238771 0.0904680042781 0.0270994016896 -0.504853295563 -0.00754183194981
-1.17754081502 1.74040649562 5.25151289915 -1.17754081502 1.74040649562 5.25151289915
-0.315861452427 -0.245184156757 -0.164890532205 -0.327440607699 0.0492724004635 -0.0358860185305
-0.101530788554 0.482512721226 -0.261156203234 -0.011801692759 0.718964890592 -0.53309607548
-0.386329011995 -0.364214986189 -0.408000018128 -0.315861452427 -0.245184156757 -0.164890532205
-0.351571455273 -0.30324464997 0.969434948841 0.0520156802668 0.246814949478 0.627899753918
0.0703721775322 -0.694837838571 0.734077359412 0.0703721775322 -0.694837838571 0.734077359412
1.48502686295 -0.284816588455 1.77725042295 1.48502686295 -0.284816588455 1.77725042295
-0.219697574655 0.14288904217 -0.0145354732096 0.0640784708171 0.194708415934 0.235554024923
0.50380977195 -0.227498420678 -0.301649324753 0.714615454883 -0.185910268502 -0.544276870142
-0.471825881398 0.206623225103 -1.28069311341 -0.202438437378 -0.274192606596 -0.976313465956
-0.626509377453 0.0180492335736 -0.0942287696058 -0.670308612391 -0.397128082969 0.198546796929
0.362868026179 1.01764604053 0.654257122103 0.362868026179 1.01764604053 0.654257122103
0.801911504202 -0.576317933138 0.258129065704 0.801911504202 -0.576317933138 0.258129065704
-0.574059581567 -0.313586714732 0.328011796522 -0.881079765757 -0.223959431832 0.0717565452974
0.741659128173 0.35098129391 -3.53428248196 0.741659128173 0.35098129391 -3.53428248196
-0.337810064867 0.536956973643 -0.155578555774 -0.176355085873 0.222063042462 0.00127079888174
-0.158999580111 0.317547585208 -0.927158386118 0.0108836706508 -0.115881672124 -0.516576940253
-0.561510033538 -0.500281729285 3.37763005957 -0.561510033538 -0.500281729285 3.37763005957
-0.368844702214 0.070334540892 -1.28245647893 -0.30079502289 0.0359302110578 -1.37560655029
-0.159879585987 0.433043368268 -0.872660946339 0.003839617136 0.424167991265 -1.00857171793
0.0558226425138 -0.338101852026 -0.0314822760719 0.0951678554025 0.232124945737 0.183923830989
0.406505914082 0.0665891134514 -1.31837580413 0.125866137315 -0.0799921789594 -1.28108039788
0.0247837095749 -0.166914285026 -0.386993923644 -0.474145823816 0.129035658841 -0.660753611165
-0.273737064636 0.491841715384 -2.11092548006 -0.171382190316 0.0617636848339 -2.25704929675
-0.15153205706 -0.273968734058 -0.350477873791 0.519003282231 -0.0214208599371 -0.0857838240133
-0.670308612391 -0.397128082969 0.198546796929 -0.349373895221 0.0463495234935 0.597133535305
-0.147454474515 0.0540047066077 1.09116498898 0.0957993993724 0.226599569029 1.00690962259
1.94642285454 -0.67289074444 0.479477611541 1.94642285454 -0.67289074444 0.479477611541
-0.380777779725 -0.331856950944 0.355819413269 -0.219141343981 -0.0704640487924 0.858149666883
0.202851946794 0.182547903505 -0.97862351378 0.205862472007 -0.146553974117 -0.375417116498
0.435346121812 -0.171271926986 0.277630179502 0.0350904548793 -0.14172058944 0.344277363289
0.0520156802668 0.246814949478 0.627899753918 0.524383004179 0.0639019546024 0.310862772794
0.125866137315 -0.0799921789594 -1.28108039788 -0.0355613540565 -0.175177740319 -1.62493867388
0.0138923001059 -0.369015255139 -0.320779056322 -0.12802760343 -0.141827289199 -0.407873096685
-0.0864353386169 0.0432589738379 -0.992596114958 -0.0864353386169 0.0432589738379 -0.992596114958
-0.0619221470919 0.0358112493691 -0.717007154679 -0.226633583294 0.215049628993 -0.910422295867
-0.0225723435221 -0.254640687395 -1.50835213977 0.0425567373868 -0.396527884765 -1.49135483416
0.901743359734 0.146647733706 -0.409685181369 0.901743359734 0.146647733706 -0.409685181369
-0.12753902042 -0.253284072165 0.195399448898 -0.119494625696 -0.485665015135 0.0132645664118
0.0350904548793 -0.14172058944 0.344277363289 -0.0271362906697 -0.0839744238771 0.0904680042781
-0.0124098092215 0.0703942882351 -0.237861415222 0.0803920048435 0.506712697433 -0.0964040288341
0.269645398452 -0.14092788384 -2.17897323046 0.269645398452 -0.14092788384 -2.17897323046
0.582714197926 -1.22432795534 0.277082328774 0.582714197926 -1.22432795534 0.277082328774
0.559424481978 1.44261325117 -1.62576669627 0.559424481978 1.44261325117 -1.62576669627
0.141757859692 0.150782211675 -0.551116117611 -0.266645975743 -0.38449258074 -0.273262584813
-0.145656468397 0.0316838772795 -0.401197942798 -0.464167803777 -0.287768170865 -0.955222337569
-0.53187125383 0.276891484155 0.0614771764193 -0.219697574655 0.14288904217 -0.0145354732096
-0.937953133608 -0.230733620898 -4.4949009211 -0.937953133608 -0.230733620898 -4.4949009211
0.767697778765 -0.0283407826453 -1.85202593211 0.767697778765 -0.0283407826453 -1.85202593211
1.31359345713 -0.0325858510917 -0.0414962806032 1.31359345713 -0.0325858510917 -0.0414962806032
-1.64995338972 0.803477701383 -1.22742354881 -1.64995338972 0.803477701383 -1.22742354881
0.854596732994 -0.410026630503 4.77331722323 0.854596732994 -0.410026630503 4.77331722323
-0.222846755846 0.442272004421 -2.94752599584 -0.122124247159 0.481381875144 -3.08352930878
-1.07434351783 1.11301279382 0.348735343559 -1.07434351783 1.11301279382 0.348735343559
-0.438142822798 -0.242018595058 0.27242988031 0.280314381209 -0.393760808518 0.335783107994
0.387344246641 -0.109758333794 -1.32374086682 -0.0412730430889 -0.426375353925 -1.15804105777
-0.202438437378 -0.274192606596 -0.976313465956 -0.141345162262 -0.563544714702 -1.1823063004
-0.0237442254064 -0.291756341332 -1.6539881942 -0.16658847123 -0.0110760744265 -1.32029098975
0.816929376039 0.658860518847 -4.24914875849 0.816929376039 0.658860518847 -4.24914875849
-0.186015129947 -0.188255166033 -0.641358507908 -0.186012626107 -0.12981246741 -0.297838813968
-0.317970849442 -0.534558600438 -0.57468644681 -0.368393838066 0.208311816515 -0.405864265015
0.492160135677 -0.508238409648 0.0454929620817 0.492160135677 -0.508238409648 0.0454929620817
1.01756311938 0.689522182372 -1.05113420431 1.01756311938 0.689522182372 -1.05113420431
0.296636833314 -0.0485523925743 2.46503683811 0.256209950864 0.0975139779331 2.6990991969
0.41221419897 -0.0466795736413 -1.30811665632 0.41221419897 -0.0466795736413 -1.30811665632
-0.519075972609 0.533247620071 0.400317187031 -0.566955818037 1.17551602919 0.044165414912
-0.382905032993 -0.506181888144 -1.79578471156 -0.538706228583 -1.01307566996 -1.38523727683
-0.188235120344 0.230561638302 -0.275082549579 -0.145656468397 0.0316838772795 -0.401197942798
0.136038973447 -0.190239855862 -0.375036404236 -0.0322688884186 -0.0519477484414 -0.743606036998
0.0951678554025 0.232124945737 0.183923830989 0.326166619243 -0.0892694246263 -0.0410471111586
0.181264470362 0.140960866668 -5.57134516797 0.181264470362 0.140960866668 -5.57134516797
0.687466738542 -0.444451553508 1.13234689176 0.506433754909 -0.362300708868 0.850290302413
-0.644231309108 0.708997385566 3.40123124775 -0.644231309108 0.708997385566 3.40123124775
0.587399200911 -0.103946123174 -0.532729605941 0.277817237254 0.250714701165 -0.21328232669
-0.740358448633 -0.0448944999566 -2.90968050049 -0.740358448633 -0.0448944999566 -2.90968050049
-0.770024541277 0.825831776912 -3.28575068165 -0.770024541277 0.825831776912 -3.28575068165
-0.0146967300935 0.44299253359 1.70147507301 -0.0146967300935 0.44299253359 1.70147507301
0.665567000601 -0.479970343135 1.05681003176 0.665567000601 -0.479970343135 1.05681003176
-0.328705897928 0.121133679431 1.34708463724 -0.147454474515 0.0540047066077 1.09116498898
-0.106283140946 -0.000670176395501 -0.550245492147 0.491421699662 -0.248268560443 -1.16143098229
-0.230418966957 -0.159431918886 -0.399116587176 0.107077297639 -0.0909893932267 -0.10346555188
-0.0190122669566 0.550623785008 -0.175846099168 -0.337810064867 0.536956973643 -0.155578555774
-0.471240699643 -0.0181136380417 0.199377811365 -0.589779428754 0.224895555043 0.102480396827
0.240666303245 0.385482024333 0.731960448046 0.243975546817 0.197628197237 0.593484772351
0.605342012367 -0.144619542596 0.127038372985 0.510809511959 -0.154515068022 0.599468411717
0.225527853964 -0.150146679378 -0.730326142457 0.126051036926 0.110831895402 -0.534276209271
-1.38614229017 -0.480750864115 -2.28610851851 -1.38614229017 -0.480750864115 -2.28610851851
-0.724102477145 1.58216896743 -0.942462569683 -0.724102477145 1.58216896743 -0.942462569683
-0.0490873588025 0.178592631068 0.746706235469 -0.0490873588025 0.178592631068 0.746706235469
-0.341148129671 -0.421670824787 -0.680367471862 -0.284927436807 -0.398367401586 -1.02546707151
0.933372499066 -1.38558528354 -1.68947289672 0.933372499066 -1.38558528354 -1.68947289672
-0.930029951649 1.23660977105 3.44112728218 -0.930029951649 1.23660977105 3.44112728218
0.219355987336 0.5595883054 -0.766042912138 -0.0721614427596 0.407921442494 -0.822616777962
0.389682960282 -0.176286186091 -0.669441770532 -0.227820929791 -0.145788653566 -0.564497986504
0.659137713216 -0.165753253699 -2.55063640868 -0.0372420969212 -0.0640821631301 -2.40260164452
-0.752939639959 0.474060898871 3.93781750052 -0.752939639959 0.474060898871 3.93781750052
-0.0954968059238 0.277629822384 -2.07127796344 0.134807364066 0.576407227483 -1.668460226
0.318227816299 0.131332288699 2.6316407712 0.231248213757 0.211824746388 2.73024013034
-0.0173125373239 0.651103655032 4.71482230434 -0.0173125373239 0.651103655032 4.71482230434
0.873084922427 0.654578280873 -4.29490549881 0.873084922427 0.654578280873 -4.29490549881
-0.944299228765 0.0880282423072 0.866292155025 -0.944299228765 0.0880282423072 0.866292155025
-0.0562889753295 -0.912082954987 0.997395186722 -0.0562889753295 -0.912082954987 0.997395186722
0.349666770466 0.402521721559 3.63312977201 0.349666770466 0.402521721559 3.63312977201
0.521928256938 -0.52552967084 -5.04225428363 0.521928256938 -0.52552967084 -5.04225428363
1.29262127021 0.513230473615 3.2179804864 1.29262127021 0.513230473615 3.2179804864
0.408994691143 0.171941642735 0.33616358359 0.378337415927 -0.256960589338 0.412494186038
0.439422282442 -0.0549049061972 0.425790929769 -0.02272205578 0.447647320688 0.547550997377
-0.216216666815 0.288682625914 0.160328116927 -0.0190122669566 0.550623785008 -0.175846099168
0.418348511353 -0.223582947155 2.15269797288 0.418348511353 -0.223582947155 2.15269797288
-1.20129207916 0.189768774311 -1.04159299112 -1.20129207916 0.189768774311 -1.04159299112
0.0786653148653 -0.401330179747 -1.62261468707 0.0786653148653 -0.401330179747 -1.62261468707
-0.158965149161 0.0205434439577 0.637017598841 -0.158965149161 0.0205434439577 0.637017598841
0.306157210168 0.920853977525 0.0546596796253 0.306157210168 0.920853977525 0.0546596796253
-0.0286675530125 1.1965420818 3.73287830219 -0.0286675530125 1.1965420818 3.73287830219
0.259795383298 0.0808277186984 0.500056473891 0.23903348917 -0.0862731864166 -0.350942754073
-0.353160649865 -0.935371044136 5.8425729049 -0.353160649865 -0.935371044136 5.8425729049
0.107077297639 -0.0909893932267 -0.10346555188 0.255894201535 0.129960256481 -0.131671949981
0.361654188374 0.00964534737858 2.06723291876 0.367075062183 0.0102154079606 2.16281985513
0.326166619243 -0.0892694246263 -0.0410471111586 -0.0996910730019 -0.444881520036 -0.250671723651
-0.12802760343 -0.141827289199 -0.407873096685 -0.171306630706 0.0635278168665 -0.584996169244
-1.57383739101 -0.874145518728 0.0953589235484 -1.57383739101 -0.874145518728 0.0953589235484
-0.521864995872 0.0756523542392 -6.09240560929 -0.521864995872 0.0756523542392 -6.09240560929
-0.0322688884186 -0.0519477484414 -0.743606036998 0.141757859692 0.150782211675 -0.551116117611
0.165677253887 -0.253722933512 0.0430884812047 0.255613242992 -0.273488560591 0.310023322709
0.589116276225 -0.244163159707 -1.02872347303 0.589116276225 -0.244163159707 -1.02872347303
0.257034612785 -0.384211265814 0.788961457692 0.229856149254 -0.283557223263 0.854311744801
-0.150891222786 0.261573057933 0.209140746166 -0.519075972609 0.533247620071 0.400317187031
-1.16033978823 -0.456323128239 -4.57231364757 -1.16033978823 -0.456323128239 -4.57231364757
0.161015577348 0.176067295933 2.04181123152 0.361654188374 0.00964534737858 2.06723291876
0.729884776912 0.978261062747 2.98110330782 0.729884776912 0.978261062747 2.98110330782
0.0931993274322 0.467812016729 -0.805782253792 -0.274176783593 0.120422413898 -0.715395284755
-0.414377317533 -0.223057285305 0.390091385126 -0.414377317533 -0.223057285305 0.390091385126
0.623258916821 0.0745899397939 -7.99386557384 0.623258916821 0.0745899397939 -7.99386557384
0.399222261972 1.00784324049 0.522372492743 0.399222261972 1.00784324049 0.522372492743
-0.202175132387 0.124574073178 -0.458873831713 -0.235465409876 0.00809162146446 -0.002922373915
0.343287340476 -0.163019158847 -0.529745453251 -0.104386046477 -0.224077796844 -0.193440760609
-0.190378615395 -0.147591336256 -0.991070424568 0.0347912363506 -0.482697444634 -0.0813407158967
0.843777943671 0.580295135776 1.04712666134 0.843777943671 0.580295135776 1.04712666134
-0.71453843371 0.534377549892 -3.38549188125 -0.71453843371 0.534377549892 -3.38549188125
-0.196406924929 0.843473800816 3.58569792697 -0.196406924929 0.843473800816 3.58569792697
0.0218417351353 0.24284676016 -1.57867427813 0.0294491505462 -0.260197408387 -1.46724399161
0.297943234951 -0.114470766819 0.0726933415647 -0.2725554768 0.0671908233416 0.263409062438
-0.171306630706 0.0635278168665 -0.584996169244 -0.441617370254 -0.567570166757 -0.165746098561
-0.233230644208 0.9582820827 0.326061087508 -0.233230644208 0.9582820827 0.326061087508
1.21858011582 -0.559486469072 4.20827317458 1.21858011582 -0.559486469072 4.20827317458
0.243975546817 0.197628197237 0.593484772351 -0.221207594108 0.0864266894426 0.458666564465
-0.141345162262 -0.563544714702 -1.1823063004 -0.383653780771 0.0366281274035 -0.286559161824
0.436754718873 0.463304410488 -0.167539660239 0.606060631751 0.118377533842 -0.364935851769
0.112581213257 -0.589157392267 -2.35279796416 0.112581213257 -0.589157392267 -2.35279796416
0.00594374231125 -0.0287826777383 -0.0140146783483 -0.221204396944 -0.271699538285 0.0541742047553
-0.104386046477 -0.224077796844 -0.193440760609 -0.456195110115 -0.402382327208 -0.186846907825
-0.610404412585 0.283529918072 0.300826691186 -0.275360329382 0.0951594622464 0.525276864374
-0.352502590187 -0.272015324389 -0.663837271172 -0.987176415372 -0.683359029205 -0.20603717968
-1.80390507653 2.22719083681 7.10123318139 -1.80390507653 2.22719083681 7.10123318139
0.636979626468 1.41436843356 1.94277291099 0.636979626468 1.41436843356 1.94277291099
-0.589779428754 0.224895555043 0.102480396827 -0.216216666815 0.288682625914 0.160328116927
-0.441617370254 -0.567570166757 -0.165746098561 -0.385481355843 -0.295491803375 -0.04192138877
-0.621519142953 -0.767467011373 5.9875193291 -0.621519142953 -0.767467011373 5.9875193291
-0.474145823816 0.129035658841 -0.660753611165 -0.352502590187 -0.272015324389 -0.663837271172
-0.254265450627 0.444007856211 -0.97843529509 -0.490173780011 0.169668687488 -0.79453904058
1.54323961077 0.830404784369 -1.77824035974 1.54323961077 0.830404784369 -1.77824035974
0.499525083887 -0.289516868663 1.58086292505 0.499525083887 -0.289516868663 1.58086292505
-0.323607084331 0.13034494094 -1.46045537993 0.138718544049 0.00881065536785 -1.4784675721
-0.278825386891 0.0101570245848 0.264107416452 -0.241134763273 0.15063817839 -0.0729429556648
0.205862472007 -0.146553974117 -0.375417116498 0.186699649229 -0.24745614242 -0.908846355716
0.255894201535 0.129960256481 -0.131671949981 0.826186030453 0.270259503019 -0.454115678117
-0.661018417876 -0.122100716629 -0.930337425405 -0.368844702214 0.070334540892 -1.28245647893
-0.223314978471 -0.389166501662 0.0452128520107 -0.203837070579 -0.27114353874 -0.261039696071
0.134807364066 0.576407227483 -1.668460226 -0.159879585987 0.433043368268 -0.872660946339
-0.189532665275 -0.281646768038 0.756639124999 -0.215460654663 -0.148231205735 1.0301638561
-0.435900430873 0.0351370740642 0.447543883717 -0.278825386891 0.0101570245848 0.264107416452
-0.110652889899 0.0379970601845 -1.96058515023 0.0218417351353 0.24284676016 -1.57867427813
-0.417804687609 0.479281610516 -4.65888231405 -0.417804687609 0.479281610516 -4.65888231405
